time,dens10,total_network_out,total_network_in,dest_out_traffic,dest_in_traffic,destination,size
0.0,0.0,0.0,0.0,0.0,0.0,4,0.0
14.35,14.35,1.576,0.169,1.576,0.169,4,1.576
14.9,0.55,4.353,3.182,4.353,3.182,4,2.777
18.45,3.5,5.929,3.286,5.929,3.286,4,1.576
18.55,0.1,6.041,3.346,6.041,3.346,4,0.112
19.05,0.35,9.14,5.131,9.14,5.131,4,3.099
19.4,0.35,10.744,5.467,10.744,5.467,4,1.604
19.8,0.4,12.238,5.691,12.238,5.691,4,1.494
19.95,0.15,13.737,5.915,13.737,5.915,4,1.499
20.3,0.35,15.235,6.139,15.235,6.139,4,1.498
20.5,0.15,18.089,71.956,18.089,71.956,4,2.854
21.05,0.5,21.231,72.441,21.231,72.441,4,3.142
21.35,0.2,43.423,73.273,43.423,73.273,4,22.192
22.25,0.85,43.779,92.419,43.779,92.419,4,0.356
23.15,0.75,47.339,95.867,47.339,95.867,4,3.56
23.35,23.35,61.0,99.092,0.0,0.0,6,13.661
23.45,0.1,61.296,99.256,0.296,0.164,6,0.296
23.6,0.3,61.577,121.961,61.0,99.092,4,0.281
27.8,27.8,63.05,122.185,0.0,0.0,3,1.473
27.9,0.1,63.221,122.297,0.171,0.112,3,0.171
28.8,0.85,65.059,129.533,2.009,7.348,3,1.838
28.95,0.1,65.955,130.013,2.905,7.828,3,0.896
29.2,0.2,67.239,130.833,4.189,8.648,3,1.284
29.95,6.35,81.223,2300.833,62.473,99.316,4,1811.261
33.25,3.3,173.227,35576.34,64.049,99.42,4,1.576
42.9,9.6,727.695,170049.938,84.165,99.73,4,20.116
44.45,1.5,816.735,192914.991,104.354,100.04,4,20.189
44.95,0.5,847.97,200508.039,107.353,100.574,4,2.999
45.35,0.4,872.01,207499.693,108.929,100.678,4,1.576
47.4,2.05,993.401,240790.983,116.511,109.067,4,7.582
47.55,0.15,1004.037,243441.577,118.047,109.377,4,1.536
47.7,0.1,1019.633,246166.165,124.231,117.766,4,6.184
48.55,0.85,1081.629,260745.246,125.767,118.076,4,1.536
48.85,0.3,1105.4,265495.242,127.178,118.3,4,1.411
49.0,0.15,1116.795,267494.766,128.589,118.524,4,1.411
55.25,6.25,1421.632,345110.555,134.794,118.834,4,6.205
58.35,3.1,1589.187,393385.295,137.568,118.886,4,2.774
58.5,0.15,1599.875,394921.477,139.052,119.196,4,1.484
60.8,2.25,1736.784,429601.027,139.156,127.309,4,0.104
61.0,0.15,1754.492,431943.861,140.744,127.791,4,1.588
62.45,1.45,1858.606,456804.296,146.897,135.46,4,6.153
62.65,0.2,1875.697,460164.358,149.896,135.994,4,2.999
62.8,0.15,1890.61,462685.706,154.565,136.046,4,4.669
63.15,0.3,1933.007,468894.545,172.623,136.89,4,18.058
64.55,1.4,1989.0,492192.392,177.292,136.942,4,4.669
65.3,0.1,1996.318,495603.52,1815.45,495443.175,3,2.999
65.6,0.1,1996.786,495843.54,1815.918,495683.195,3,0.468
65.85,0.2,1996.89,495843.592,1816.022,495683.247,3,0.104
65.9,1.35,1997.358,495857.36,180.291,137.476,4,112.632
66.05,0.1,2004.333,498654.494,181.754,137.7,4,1.463
67.7,1.65,2092.618,532251.089,186.423,137.752,4,4.669
67.95,0.25,2104.221,536259.771,187.886,137.976,4,1.463
68.3,0.1,2121.786,542479.211,1928.654,542318.314,3,4.669
69.9,1.95,2203.374,577989.13,192.555,138.028,4,90.992
71.5,0.3,2215.777,583924.644,2019.646,583763.213,3,2.999
71.65,0.15,2215.829,583924.696,2019.698,583763.265,3,0.052
72.0,0.35,2215.881,583924.748,2019.75,583763.317,3,0.052
72.1,0.1,2215.933,583924.8,2019.802,583763.369,3,0.052
72.15,2.25,2217.073,584129.658,195.554,138.562,4,253.105
72.35,0.15,2228.715,587984.672,200.016,139.32,4,4.462
72.45,0.1,2239.684,590210.632,206.357,139.596,4,6.341
72.8,0.35,2264.582,597564.8,211.235,139.648,4,4.878
74.95,2.15,2388.274,652107.825,211.287,139.854,4,0.052
75.05,0.1,2395.57,654127.838,212.863,139.958,4,1.576
75.35,0.3,2407.745,657856.862,215.862,140.492,4,2.999
75.5,0.15,2413.16,659866.461,217.325,140.716,4,1.463
78.05,2.55,2493.073,690169.043,221.994,140.768,4,4.669
78.5,0.45,2498.477,690723.78,224.993,141.302,4,2.999
78.65,0.15,2499.94,690724.004,226.456,141.526,4,1.463
82.75,4.1,2504.609,690724.056,231.125,141.578,4,4.669
84.25,1.45,2506.215,690724.314,232.731,141.836,4,1.606
84.5,0.2,2532.063,690793.127,258.579,210.649,4,25.848
84.7,0.1,2559.041,690826.235,285.557,243.757,4,26.978
84.95,0.15,2597.132,690843.101,323.648,260.623,4,38.091
85.55,0.6,2601.007,690843.153,327.523,260.675,4,3.875
86.2,62.7,2605.149,690843.205,0.577,22.869,6,4.142
86.6,1.05,2608.255,690843.73,331.665,260.727,4,3.106
86.9,0.3,2609.986,690845.256,333.396,262.253,4,1.731
86.95,86.95,2610.038,690853.411,0.0,0.0,5,39.027
87.05,0.8,2636.097,690913.657,3.683,23.394,6,0.525
87.15,0.1,2649.899,690916.663,372.423,330.092,4,0.361
87.8,0.65,2651.372,690916.887,373.896,330.316,4,1.473
89.75,1.75,2693.027,690951.851,415.551,365.28,4,41.655
90.3,0.15,2752.5,690971.067,475.024,384.496,4,59.473
90.7,0.4,2758.517,690971.343,481.041,384.772,4,6.017
92.3,1.5,2764.534,690971.619,487.058,385.048,4,6.017
92.45,5.45,2787.615,691039.159,0.525,3.082,5,27.315
92.75,0.3,2792.21,691043.117,514.373,453.321,4,0.361
93.05,0.15,2839.312,691076.347,561.475,486.551,4,47.102
93.5,0.2,2881.365,691093.171,603.528,503.375,4,42.053
93.65,0.15,2885.24,691093.288,607.403,503.492,4,3.875
94.9,1.1,2926.304,691166.304,648.467,576.508,4,41.064
95.0,0.1,2929.232,691166.752,651.395,576.956,4,2.928
95.2,0.15,2947.271,691183.824,669.434,594.028,4,18.039
95.3,0.1,2948.735,691184.048,670.898,594.252,4,1.464
96.0,0.6,2968.031,691201.344,690.194,611.548,4,19.296
96.1,0.1,2969.495,691201.568,691.658,611.772,4,1.464
96.35,0.15,2988.791,691218.864,710.954,629.068,4,19.296
96.5,0.1,2996.273,691219.364,718.436,629.568,4,7.482
96.6,0.1,3002.378,691219.64,724.541,629.844,4,6.105
96.75,0.1,3008.483,691219.916,730.646,630.12,4,6.105
96.9,0.1,3014.501,691220.192,736.664,630.396,4,6.018
97.0,0.1,3019.262,691220.244,741.425,630.448,4,4.761
97.15,0.15,3020.726,691220.468,742.889,630.672,4,1.464
97.25,0.1,3025.28,691220.52,747.443,630.724,4,4.554
98.35,1.05,3031.385,691220.796,753.548,631.0,4,6.105
98.45,0.1,3032.849,691221.02,755.012,631.224,4,1.464
99.55,1.1,3037.403,691221.072,759.566,631.276,4,4.554
99.65,12.55,3046.613,691290.066,4.044,23.88,6,27.379
100.0,0.3,3065.143,691294.265,786.945,701.159,4,0.361
100.3,0.15,3093.296,691327.313,815.098,734.207,4,28.153
100.6,0.15,3122.643,691344.045,844.445,750.939,4,29.347
100.75,0.15,3134.622,691344.201,856.424,751.095,4,11.979
100.9,8.45,3146.268,691354.175,0.886,6.307,5,37.025
101.1,0.2,3172.009,691422.75,893.449,825.958,4,0.362
104.2,3.1,3175.405,691426.96,896.845,830.168,4,3.396
104.5,0.3,3195.594,691427.27,917.034,830.478,4,20.189
104.75,0.2,3218.527,691451.741,939.967,854.949,4,22.933
104.9,0.15,3225.869,691459.898,947.309,863.106,4,7.342
106.2,1.25,3227.445,691460.002,948.885,863.21,4,1.576
106.5,0.2,3241.983,691476.316,963.423,879.524,4,14.538
106.95,0.4,3250.956,691476.42,972.396,879.628,4,8.973
107.05,0.1,3255.559,691476.472,976.999,879.68,4,4.603
107.35,0.3,3260.075,691476.524,981.515,879.732,4,4.516
107.75,0.35,3269.927,691476.628,991.367,879.836,4,9.852
109.25,1.5,3274.37,691476.68,995.81,879.888,4,4.443
109.35,8.45,3301.265,691536.5,1.248,9.993,5,29.926
109.35,9.7,3301.265,691536.5,4.405,27.19,6,1.202
109.5,0.15,3305.978,691546.444,1025.736,940.441,4,0.48
109.55,0.1,3307.377,691547.009,2.45,15.613,5,1.399
109.55,0.15,3307.377,691547.009,4.885,30.781,6,23.078
109.7,0.2,3310.855,691556.307,1027.135,941.006,4,21.607
110.0,0.2,3382.434,691581.854,1063.659,941.422,4,36.524
110.75,0.6,3416.944,691655.502,1092.017,1008.212,4,28.358
110.85,0.1,3424.353,691663.659,1099.426,1016.369,4,7.409
111.05,0.1,3439.171,691679.973,1114.244,1032.683,4,14.818
111.3,0.25,3447.4,691688.13,1122.473,1040.84,4,8.229
111.5,0.2,3454.809,691696.287,1129.882,1048.997,4,7.409
111.95,0.1,3485.133,691704.704,1160.206,1057.414,4,30.324
112.1,0.15,3490.536,691704.756,1165.609,1057.466,4,5.403
112.45,0.35,3495.119,691704.808,1170.192,1057.518,4,4.583
112.5,2.55,3521.2,691767.078,25.528,34.419,5,75.47
112.5,2.35,3521.2,691767.078,26.492,53.262,6,11.322
112.75,0.15,3594.484,691849.545,40.591,59.318,6,14.099
113.1,0.35,3596.372,691850.785,1245.662,1191.595,4,0.362
113.5,0.4,3616.994,691851.095,1266.284,1191.905,4,20.622
113.6,0.1,3624.403,691859.253,1273.693,1200.063,4,7.409
113.7,0.1,3639.221,691875.569,1288.511,1216.379,4,14.818
114.1,0.4,3646.717,691883.727,1296.007,1224.537,4,7.496
114.2,0.1,3654.126,691891.885,1303.416,1232.695,4,7.409
114.4,0.1,3670.701,691900.147,1319.991,1240.957,4,16.575
114.65,0.15,3690.046,691900.355,1339.336,1241.165,4,19.345
115.15,0.5,3694.716,691900.407,1344.006,1241.217,4,4.67
115.25,2.65,3699.351,691908.021,36.85,39.247,5,124.413
115.25,2.5,3699.351,691908.021,40.953,60.334,6,11.46
115.75,0.3,3842.067,692107.089,1468.419,1437.067,4,11.478
116.55,0.45,3885.343,692161.616,1511.695,1491.594,4,43.276
116.75,0.1,3904.744,692177.984,1531.096,1507.962,4,19.401
116.85,0.1,3909.327,692178.036,1535.679,1508.014,4,4.583
117.05,0.15,3923.076,692178.192,1549.428,1508.17,4,13.749
117.6,0.55,3932.242,692178.296,1558.594,1508.274,4,9.166
118.85,1.2,3936.825,692190.242,1563.177,1520.22,4,4.583
118.85,3.5,3936.825,692190.242,48.31,44.783,5,26.778
118.85,3.5,3936.825,692190.242,52.431,65.63,6,11.356
118.95,0.1,3975.702,692247.343,1589.955,1569.212,4,7.372
119.55,0.45,4066.708,692368.525,1674.332,1686.626,4,84.377
119.65,0.1,4089.022,692392.999,1696.646,1711.1,4,22.314
119.9,0.25,4096.431,692401.157,1704.055,1719.258,4,7.409
120.2,0.15,4117.408,692417.629,1725.032,1735.73,4,20.977
120.45,0.25,4121.991,692417.681,1729.615,1735.782,4,4.583
120.55,0.1,4127.5,692417.733,1735.124,1735.834,4,5.509
121.1,0.5,4145.832,692417.941,1753.456,1736.042,4,18.332
121.4,0.3,4150.415,692417.993,1758.039,1736.094,4,4.583
121.4,2.45,4150.415,692417.993,59.666,50.735,5,74.18
121.4,2.45,4150.415,692417.993,59.803,71.555,6,7.877
121.55,121.55,4219.93,692528.61,0.0,0.0,0,10.791
122.05,0.5,4243.56,692529.439,0.297,0.164,0,0.297
122.15,0.6,4243.737,692529.629,1832.219,1836.553,4,0.229
122.65,0.45,4248.661,692535.154,1837.091,1838.557,4,4.872
122.85,0.1,4278.384,692567.786,1866.814,1871.189,4,29.723
123.5,0.65,4299.006,692568.096,1887.436,1871.499,4,20.622
123.6,0.1,4306.488,692576.254,1894.918,1879.657,4,7.482
123.75,0.1,4323.317,692584.516,1911.747,1887.919,4,16.829
123.85,0.1,4328.793,692584.568,1917.223,1887.971,4,5.476
124.05,0.1,4343.581,692584.724,1932.011,1888.127,4,14.788
124.5,0.45,4348.164,692584.776,1936.594,1888.179,4,4.583
124.55,3.05,4352.747,692584.828,70.594,78.78,6,31.312
124.6,3.1,4379.666,692648.516,67.543,54.333,5,14.316
124.65,0.1,4387.511,692652.424,1967.906,1951.14,4,7.633
124.8,0.15,4487.627,692788.468,84.91,84.42,6,87.676
125.2,0.4,4489.463,692789.711,2055.582,2078.576,4,0.362
125.35,0.1,4497.798,692797.869,2063.917,2086.734,4,8.335
125.7,0.3,4520.025,692822.343,2086.144,2111.208,4,22.227
125.85,0.15,4527.434,692830.501,2093.553,2119.366,4,7.409
125.95,0.1,4534.843,692838.659,2100.962,2127.524,4,7.409
126.05,0.1,4544.009,692838.763,2110.128,2127.628,4,9.166
126.25,0.2,4548.592,692838.815,2114.711,2127.68,4,4.583
126.75,0.45,4566.924,692839.023,2133.043,2127.888,4,18.332
127.2,0.45,4571.507,692839.075,2137.626,2127.94,4,4.583
127.2,2.4,4571.507,692839.075,85.272,85.439,6,26.781
127.25,2.5,4602.252,692905.343,75.176,63.009,5,15.2
127.3,0.1,4608.402,692908.646,2164.407,2190.851,4,10.694
127.45,127.45,4672.456,692947.335,0.0,0.0,1,50.264
127.6,0.15,4674.61,692949.21,0.164,0.297,1,0.164
127.9,0.45,4675.628,692949.439,2214.671,2222.374,4,1.018
128.0,0.1,4683.963,692957.597,2223.006,2230.532,4,8.335
128.35,0.3,4706.19,692982.071,2245.233,2255.006,4,22.227
128.5,0.1,4713.599,692990.229,2252.642,2263.164,4,7.409
128.7,0.15,4730.174,692998.491,2269.217,2271.426,4,16.575
128.9,0.15,4743.923,692998.647,2282.966,2271.582,4,13.749
129.0,0.1,4748.506,692998.699,2287.549,2271.634,4,4.583
129.4,0.4,4753.089,692998.751,2292.132,2271.686,4,4.583
130.2,0.8,4757.672,692998.803,2296.715,2271.738,4,4.583
130.2,2.8,4757.672,692998.803,85.87,71.092,5,92.927
130.2,2.85,4757.672,692998.803,100.472,91.963,6,14.212
130.45,0.1,4874.365,693118.801,2389.642,2381.788,4,9.554
130.7,52.6,4899.903,693208.174,2272.907,690559.609,3,25.538
131.1,0.25,4902.952,693209.618,2275.956,690561.053,3,3.049
131.25,0.1,4905.734,693212.112,2278.738,690563.547,3,2.782
131.7,0.35,4906.696,693212.926,2279.7,690564.361,3,0.962
132.4,0.65,4908.848,693213.798,2281.852,690565.233,3,2.152
132.55,0.1,5039.878,693215.118,2412.882,690566.553,3,131.03
132.85,2.4,6186.936,693236.924,2415.18,2471.161,4,103304.83
142.9,10.05,52163.451,694125.776,2435.211,2471.265,4,20.031
150.5,7.6,86475.357,694812.055,2435.263,2471.265,4,0.052
152.85,2.35,97733.912,695029.64,2438.037,2471.317,4,2.774
155.25,0.1,108381.013,695241.41,105717.712,692584.521,3,13.448
165.9,12.95,158249.025,696196.764,2451.485,2479.485,4,130018.809
179.65,13.75,219171.167,697412.6,2452.947,2479.709,4,1.462
184.2,0.15,238405.35,697789.339,235736.521,695132.174,3,4.066
185.55,0.1,243705.834,697897.665,241037.005,695240.5,3,5300.484
186.35,0.1,246002.194,697946.619,243333.365,695289.454,3,2296.36
187.45,7.8,249984.366,698029.814,2457.013,2479.761,4,8537.605
187.7,0.25,251091.516,698053.716,2458.475,2479.985,4,1.462
188.6,0.15,254545.327,698127.178,251870.97,695469.737,3,4.066
190.3,0.1,260890.765,698257.523,258216.408,695600.082,3,6345.438
190.65,0.15,261273.357,698267.936,258599.0,695610.495,3,382.592
190.65,2.95,261273.357,698267.936,2462.541,2480.037,4,152.42
190.9,0.2,261429.843,698271.996,258751.42,695614.503,3,4.066
192.2,0.15,266471.114,698376.097,263792.691,695718.604,3,5041.271
193.1,0.15,268444.018,698418.075,265765.595,695760.582,3,1972.904
193.3,0.2,268450.018,698418.191,265771.595,695760.698,3,6.0
195.0,4.35,276064.301,698569.329,2466.607,2480.089,4,11213.34
195.55,0.55,279390.671,698621.935,2468.183,2480.193,4,1.576
199.95,4.3,279670.462,698627.361,2473.711,2480.469,4,5.528
200.0,72.4,279696.0,698692.362,1.182,0.526,1,27.095
200.15,0.15,279697.958,698693.203,2500.806,2546.009,4,0.526
200.8,0.65,279699.557,698694.357,2502.28,2546.233,4,1.474
201.15,0.3,279726.452,698725.737,2529.175,2577.613,4,26.895
201.25,0.1,279733.107,698733.582,2535.83,2585.458,4,6.655
201.5,0.1,279755.311,698741.635,2558.034,2593.511,4,22.204
201.6,0.1,279759.213,698741.687,2561.936,2593.563,4,3.902
201.7,0.1,279764.128,698741.739,2566.851,2593.615,4,4.915
201.95,0.25,279767.957,698741.791,2570.68,2593.667,4,3.829
202.0,71.75,279771.786,698741.843,110.026,95.907,6,4.089
202.05,79.9,279772.098,698746.446,0.526,3.927,0,0.104
202.05,1.9,279772.098,698746.446,1.708,1.81,1,0.104
202.05,71.75,279772.098,698746.446,100.082,77.2,5,0.156
202.2,6.55,279772.618,698746.81,276984.935,695969.488,3,0.208
0.0,0.0,0.0,0.0,0.0,0.0,0,0.104
