time,dens10,total_network_out,total_network_in,dest_out_traffic,dest_in_traffic,destination,size
14.45,14.45,0.0,0.0,0.0,0.0,4,0.0
14.75,0.3,2.725,3.078,2.725,3.078,4,2.725
16.2,1.45,4.301,3.182,4.301,3.182,4,1.576
16.55,0.15,9.064,5.363,9.064,5.363,4,4.763
16.8,0.25,10.558,5.587,10.558,5.587,4,1.494
17.25,0.15,41.631,92.003,41.631,92.003,4,31.073
17.75,0.4,45.191,95.339,45.191,95.339,4,3.56
17.75,17.75,45.191,95.339,0.0,0.0,6,14.954
18.6,18.6,60.722,120.923,0.0,0.0,3,0.577
25.4,7.6,776.543,85696.263,60.145,98.106,4,6121.622
25.55,0.1,796.216,87262.302,63.019,98.382,4,2.874
25.75,0.2,825.724,89816.732,67.775,98.434,4,4.756
28.0,2.2,1105.011,118485.959,79.732,107.615,4,11.957
29.8,1.6,1342.384,142941.007,104.086,125.805,4,24.354
31.3,1.5,1523.152,162797.231,105.662,125.909,4,1.576
31.85,0.55,1610.933,169795.123,125.323,126.013,4,19.661
37.45,5.55,2299.306,242549.844,135.89,134.712,4,10.567
38.15,0.6,2393.977,251032.207,146.436,135.78,4,10.546
41.25,3.05,2773.071,290581.791,159.929,145.013,4,13.493
43.15,1.9,3004.939,314190.713,159.981,145.219,4,0.052
44.05,0.8,3025.441,323213.116,162.907,153.814,4,2.926
44.8,0.75,3108.655,334013.81,164.443,154.124,4,1.536
47.15,2.35,3392.019,369589.319,166.019,154.228,4,1.576
58.6,11.35,4769.124,522535.642,177.924,163.052,4,11.905
58.75,0.15,4789.711,524425.674,180.923,163.586,4,2.999
59.8,1.05,4919.614,536967.791,182.334,163.711,4,1.411
61.25,1.45,5076.046,554919.607,183.91,163.815,4,1.576
68.15,6.9,5718.564,691740.804,201.492,164.125,4,17.582
68.35,0.2,5739.25,697411.937,201.544,164.349,4,0.052
68.75,0.4,5781.481,709545.82,203.007,164.573,4,1.463
69.4,0.65,5816.249,724801.843,204.668,165.107,4,1.661
71.25,1.8,6020.657,772933.215,210.8,165.383,4,6.132
72.5,1.25,6129.657,807681.523,224.068,165.435,4,13.268
72.7,0.15,6147.562,815128.259,227.067,165.969,4,2.999
73.3,0.6,6190.98,838576.842,227.119,166.141,4,0.052
73.5,0.2,6210.559,846692.856,230.118,166.675,4,2.999
73.65,0.15,6221.434,852147.513,231.581,166.899,4,1.463
74.1,0.45,6259.645,870428.204,236.25,166.951,4,4.669
74.3,0.2,6271.772,876880.13,239.249,167.485,4,2.999
74.6,0.3,6279.787,883125.412,240.712,167.709,4,1.463
74.75,0.15,6290.904,887715.98,245.381,167.761,4,4.669
75.85,1.1,6366.422,925623.572,246.957,167.865,4,1.576
76.1,0.2,6375.194,926581.487,252.955,168.933,4,5.998
78.5,2.25,6387.458,926582.039,265.219,169.485,4,12.264
78.65,0.1,6413.254,926650.957,291.015,238.403,4,25.796
79.1,0.1,6505.784,926727.78,383.545,315.226,4,92.53
79.35,0.25,6509.659,926727.832,387.42,315.278,4,3.875
79.55,0.15,6550.567,926799.089,428.328,386.535,4,40.908
79.95,0.2,6612.824,926851.301,490.585,438.747,4,62.257
80.15,0.1,6633.655,926868.757,511.416,456.203,4,20.831
80.25,0.1,6644.034,926877.485,521.795,464.931,4,10.379
80.75,0.1,6682.542,926879.365,560.303,466.811,4,38.508
80.9,0.15,6687.169,926879.417,564.93,466.863,4,4.627
81.25,0.3,6693.186,926879.693,570.947,467.139,4,6.017
82.05,0.8,6694.792,926880.024,572.553,467.47,4,1.606
82.2,0.1,6722.421,926951.463,600.182,538.909,4,27.629
82.5,0.1,6782.73,927025.533,660.491,612.979,4,60.309
83.8,1.15,6811.232,927025.897,688.993,613.343,4,28.502
83.9,83.9,6821.1,927090.457,0.0,0.0,0,44.498
84.2,0.25,6856.255,927098.934,733.491,684.277,4,0.525
84.45,0.1,6897.982,927133.974,775.218,719.317,4,41.727
84.6,0.15,6908.362,927142.734,785.598,728.077,4,10.38
84.9,0.2,6929.122,927160.254,806.358,745.597,4,20.76
85.2,0.25,6939.502,927169.014,816.738,754.357,4,10.38
86.1,0.85,6949.882,927177.774,827.118,763.117,4,10.38
86.4,0.1,6969.607,927178.826,846.843,764.169,4,19.725
86.5,0.1,6974.248,927178.878,851.484,764.221,4,4.641
86.6,0.1,6977.176,927179.326,854.412,764.669,4,2.928
86.85,0.2,6986.284,927179.43,863.52,764.773,4,9.108
86.95,0.1,6987.748,927179.654,864.984,764.997,4,1.464
87.25,0.3,6992.302,927179.706,869.538,765.049,4,4.554
88.05,0.75,6998.32,927179.982,875.556,765.325,4,6.018
88.45,0.1,7077.959,927314.036,955.195,899.379,4,79.639
88.75,0.2,7096.304,927330.612,973.54,915.955,4,18.345
88.95,0.1,7120.231,927330.924,997.467,916.267,4,23.927
89.1,0.15,7124.266,927330.976,1001.502,916.319,4,4.035
89.2,0.1,7124.988,927334.794,1002.224,920.137,4,0.722
89.25,5.3,7150.578,927403.288,0.525,2.103,0,28.62
89.7,0.45,7153.969,927407.04,1030.844,989.364,4,0.361
90.15,0.35,7185.481,927439.772,1062.356,1022.096,4,31.512
90.25,0.1,7192.76,927447.929,1069.635,1030.253,4,7.279
90.6,0.35,7200.039,927456.086,1076.914,1038.41,4,7.279
91.05,0.45,7207.318,927464.243,1084.193,1046.567,4,7.279
91.25,0.2,7214.597,927472.4,1091.472,1054.724,4,7.279
91.55,0.3,7234.68,927472.71,1111.555,1055.034,4,20.083
92.35,0.8,7241.959,927480.867,1118.834,1063.191,4,7.279
92.5,0.15,7246.412,927480.919,1123.287,1063.243,4,4.453
92.65,0.15,7250.865,927480.971,1127.74,1063.295,4,4.453
92.85,0.2,7260.591,927481.075,1137.466,1063.399,4,9.726
93.1,0.25,7265.044,927481.127,1141.919,1063.451,4,4.453
93.5,0.4,7269.497,927481.179,1146.372,1063.503,4,4.453
94.15,0.65,7273.95,927481.231,1150.825,1063.555,4,4.453
95.85,1.7,7278.403,927481.283,1155.278,1063.607,4,4.453
95.9,6.65,7305.132,927544.406,0.886,5.122,0,63.028
96.35,0.45,7402.563,927598.524,1218.306,1127.042,4,70.725
96.65,0.15,7442.875,927677.753,1249.025,1198.68,4,30.719
96.8,0.1,7473.354,927710.381,1279.504,1231.308,4,30.479
96.95,0.1,7488.192,927726.695,1294.342,1247.622,4,14.838
97.1,0.15,7495.611,927734.852,1301.761,1255.779,4,7.419
97.2,0.1,7503.03,927743.009,1309.18,1263.936,4,7.419
97.65,0.45,7510.449,927751.166,1316.599,1272.093,4,7.419
97.8,0.1,7524.228,927751.322,1330.378,1272.249,4,13.779
97.95,0.1,7538.827,927751.478,1344.977,1272.405,4,14.599
98.2,0.25,7543.42,927751.53,1349.57,1272.457,4,4.593
98.55,0.35,7548.013,927751.582,1354.163,1272.509,4,4.593
98.6,2.25,7553.665,927807.018,71.611,66.519,0,186.843
98.85,0.1,7756.744,927994.562,1541.006,1505.08,4,21.888
99.0,0.1,7786.42,928027.194,1570.682,1537.712,4,29.676
99.2,0.1,7808.823,928051.668,1593.085,1562.186,4,22.403
99.35,0.15,7816.242,928059.826,1600.504,1570.344,4,7.419
99.75,0.4,7823.661,928067.984,1607.923,1578.502,4,7.419
99.9,0.15,7838.672,928068.14,1622.934,1578.658,4,15.011
100.0,0.1,7843.425,928068.192,1627.687,1578.71,4,4.753
100.1,0.1,7852.757,928068.296,1637.019,1578.814,4,9.332
100.8,0.65,7861.943,928068.4,1646.205,1578.918,4,9.186
100.8,100.8,7861.943,928068.4,0.0,0.0,5,186.61
100.85,2.15,7889.044,928131.828,93.499,76.928,0,0.164
100.9,0.1,7969.738,928197.125,0.164,0.297,5,28.486
101.1,0.15,8079.342,928305.767,1832.815,1803.453,4,2.139
101.25,0.1,8109.892,928338.451,1863.365,1836.137,4,30.55
101.4,0.1,8144.824,928355.077,1898.297,1852.763,4,34.932
101.5,0.1,8152.243,928363.235,1905.716,1860.921,4,7.419
101.65,0.15,8159.662,928371.393,1913.135,1869.079,4,7.419
102.0,0.35,8167.168,928379.551,1920.641,1877.237,4,7.506
102.1,0.1,8171.761,928379.603,1925.234,1877.289,4,4.593
102.3,0.15,8190.22,928379.811,1943.693,1877.497,4,18.459
102.6,0.3,8199.406,928379.915,1952.879,1877.601,4,9.186
103.1,2.15,8203.999,928379.967,121.985,89.234,0,4.593
103.1,0.5,8203.999,928379.967,1957.472,1877.653,4,29.266
103.25,2.35,8388.923,928554.509,2.303,0.526,5,159.312
103.4,0.1,8392.991,928620.168,2116.784,2104.056,4,0.414
103.55,0.1,8423.593,928652.8,2147.386,2136.688,4,30.602
103.7,0.1,8438.431,928669.116,2162.224,2153.004,4,14.838
103.8,0.1,8445.85,928677.274,2169.643,2161.162,4,7.419
103.9,0.1,8453.269,928685.432,2177.062,2169.32,4,7.419
104.45,0.55,8460.688,928693.59,2184.481,2177.478,4,7.419
104.55,0.1,8465.354,928693.642,2189.147,2177.53,4,4.666
105.0,0.2,8494.926,928694.058,2218.719,2177.946,4,29.572
105.25,2.0,8499.592,928694.11,151.251,102.081,0,4.666
105.25,0.25,8499.592,928694.11,2223.385,2177.998,4,27.964
105.45,0.1,8653.179,928890.098,2349.008,2359.99,4,125.623
105.6,0.1,8683.675,928922.73,2379.504,2392.622,4,30.496
105.75,0.1,8698.513,928939.046,2394.342,2408.938,4,14.838
105.85,0.1,8705.932,928947.204,2401.761,2417.096,4,7.419
105.95,0.1,8713.438,928955.362,2409.267,2425.254,4,7.506
106.5,0.55,8720.944,928963.52,2416.773,2433.412,4,7.506
106.6,0.1,8740.136,928963.728,2435.965,2433.62,4,19.192
106.95,0.25,8753.915,928963.884,2449.744,2433.776,4,13.779
107.25,1.9,8758.508,928963.936,179.215,116.077,0,4.593
107.25,0.3,8758.508,928963.936,2454.337,2433.828,4,28.434
107.5,0.1,8944.869,929179.296,2612.264,2637.017,4,157.927
107.8,0.15,8989.557,929228.244,2656.952,2685.965,4,44.688
107.95,0.15,8996.976,929236.402,2664.371,2694.123,4,7.419
108.1,0.15,9004.395,929244.56,2671.79,2702.281,4,7.419
108.5,0.4,9011.814,929252.718,2679.209,2710.439,4,7.419
108.6,0.1,9016.407,929252.77,2683.802,2710.491,4,4.593
109.05,0.3,9044.891,929253.082,2712.286,2710.803,4,28.484
109.4,0.35,9049.484,929253.134,2716.879,2710.855,4,4.593
109.45,2.1,9090.578,929316.42,207.649,128.248,0,166.17
109.65,0.1,9231.538,929471.364,2883.049,2921.812,4,15.884
109.9,0.15,9269.627,929512.154,2921.138,2962.602,4,38.089
110.05,0.15,9284.465,929528.47,2935.976,2978.918,4,14.838
110.25,0.2,9291.884,929536.628,2943.395,2987.076,4,7.419
110.7,0.45,9299.303,929544.786,2950.814,2995.234,4,7.419
110.95,0.1,9323.453,929545.046,2974.964,2995.494,4,24.15
111.25,0.3,9332.785,929545.15,2984.296,2995.598,4,9.332
111.65,0.35,9342.334,929545.46,2993.845,2995.908,4,9.549
111.7,2.2,9365.719,929605.64,223.533,135.521,0,146.147
111.7,93.9,9365.719,929605.64,0.577,22.817,6,27.966
111.95,36.1,9516.809,929771.418,6121.662,926389.737,3,0.362
112.1,0.1,9520.082,929773.07,6124.935,926391.389,3,3.273
112.2,0.1,9523.686,929776.378,6128.539,926394.697,3,3.604
112.3,0.1,9525.854,929777.25,6130.707,926395.569,3,2.168
119.05,7.15,53982.811,930641.098,3139.992,3208.129,4,363836.377
119.35,0.3,56136.712,930680.657,3144.058,3208.129,4,4.066
119.85,0.5,60108.311,930757.27,3148.176,3215.935,4,4.118
123.85,4.0,86194.077,931249.74,3149.752,3216.039,4,1.576
124.65,0.8,91446.238,931353.281,3155.152,3216.143,4,5.4
136.05,11.4,167666.507,932825.428,3156.562,3216.401,4,1.41
142.4,6.35,211557.907,933667.389,3159.388,3224.142,4,2.826
151.25,8.85,269999.229,934830.755,3162.266,3232.12,4,2.878
156.8,5.55,308854.196,935576.222,3181.979,3232.43,4,19.713
157.25,0.45,311720.602,935637.877,3186.045,3232.43,4,4.066
157.85,0.6,315241.368,935709.715,3190.111,3232.482,4,4.066
160.7,2.85,333563.641,936080.407,3191.573,3232.706,4,1.462
164.8,4.05,361362.713,936630.936,3197.101,3232.982,4,5.528
165.9,1.1,369099.724,936782.268,3198.677,3233.086,4,1.576
167.0,0.2,373431.972,936874.48,369967.084,933467.29,3,11.056
167.4,0.15,375223.26,936911.752,371758.372,933504.562,3,1791.288
170.65,0.15,398519.611,937329.607,395054.723,933922.417,3,23296.351
171.25,5.35,403451.703,937406.203,3209.733,3233.638,4,13508.499
172.2,0.95,412031.783,937539.979,3214.477,3233.896,4,4.744
172.35,0.15,412034.316,937540.759,408563.222,934133.087,3,1.462
172.35,0.15,412034.316,937540.759,3215.939,3234.12,4,0.052
176.0,64.2,412038.434,937540.898,251.499,147.068,0,4.066
176.0,3.65,412038.434,937540.898,3220.005,3234.172,4,0.362
176.1,0.1,412067.417,937607.645,3248.626,3299.972,4,28.621
176.25,0.1,412101.51,937646.87,3282.719,3339.197,4,34.093
176.35,0.1,412114.82,937662.56,3296.029,3354.887,4,13.31
176.5,0.15,412121.562,937670.405,3302.771,3362.732,4,6.742
176.65,0.15,412128.217,937678.25,3309.426,3370.577,4,6.655
176.75,0.1,412132.046,937678.302,3313.255,3370.629,4,3.829
176.85,0.1,412136.78,937678.354,3317.989,3370.681,4,4.734
177.2,0.25,412155.925,937678.614,3337.134,3370.941,4,19.145
177.4,1.4,412159.754,937678.666,251.861,148.015,0,3.829
177.4,0.2,412159.754,937678.666,3340.963,3370.993,4,0.156
177.4,74.1,412159.754,937678.666,2.717,1.477,5,0.312
177.4,65.7,412159.754,937678.666,0.939,25.007,6,0.156
177.45,5.1,412160.326,937683.113,408563.274,934133.174,3,0.052
0.0,0.0,0.0,0.0,0.0,0.0,0,0.104
