time,dens10,total_network_out,total_network_in,dest_out_traffic,dest_in_traffic,destination,size
5.35,5.35,0.0,0.0,0.0,0.0,4,0.0
14.6,9.25,1.576,0.104,1.576,0.104,4,1.576
16.3,1.7,4.353,3.182,4.353,3.182,4,2.777
16.65,0.15,9.116,5.311,9.116,5.311,4,4.763
16.9,0.25,10.61,5.535,10.61,5.535,4,1.494
17.05,0.1,15.473,6.035,15.473,6.035,4,4.863
17.4,0.15,41.683,91.949,41.683,91.949,4,26.21
17.85,0.35,46.675,95.297,46.675,95.297,4,4.992
18.75,18.75,62.203,120.813,0.0,0.0,3,15.528
20.4,2.5,173.776,22704.423,62.203,120.813,4,8102.318
29.25,8.85,1197.932,162584.756,63.779,120.917,4,1.576
32.7,3.45,1604.159,214978.906,63.831,121.123,4,0.052
32.8,0.1,1616.691,216497.998,63.883,121.295,4,0.052
32.9,0.1,1629.223,218011.922,63.935,121.467,4,0.052
39.2,6.25,2270.474,312716.208,73.053,129.942,4,9.118
42.65,3.45,2673.786,364597.482,73.105,130.148,4,0.052
42.9,0.25,2700.389,368832.06,76.104,130.682,4,2.999
49.2,6.2,3458.346,455867.469,86.598,139.227,4,10.494
50.4,1.2,3607.494,471931.295,93.578,139.331,4,6.98
54.05,3.65,4039.006,522260.989,95.154,139.435,4,1.576
54.2,0.15,4058.727,523937.225,96.544,139.659,4,1.39
61.8,7.5,4987.949,597910.514,107.038,148.358,4,10.494
61.9,0.1,4999.815,598682.839,108.501,148.582,4,1.463
62.2,0.25,5045.863,601496.994,119.204,157.161,4,10.703
62.35,0.15,5064.642,602980.05,120.615,157.213,4,1.411
63.8,1.45,5085.241,617993.066,122.078,157.437,4,1.463
64.05,0.25,5113.289,620450.141,131.109,165.912,4,9.031
65.4,1.25,5248.033,634645.302,144.861,175.249,4,13.752
69.2,3.8,5680.845,675831.498,146.437,175.353,4,1.576
79.2,10.0,6844.246,779245.842,166.15,175.663,4,19.713
80.4,1.2,7006.283,792207.772,185.863,175.973,4,19.713
86.1,5.7,7649.695,854121.628,187.439,176.077,4,1.576
86.25,0.1,7668.763,856186.593,190.437,176.611,4,2.998
86.4,0.1,7687.184,857998.611,193.362,177.059,4,2.925
89.2,2.8,8002.49,909740.182,202.7,177.163,4,9.338
89.7,0.45,8059.7,922442.157,218.151,177.473,4,15.451
89.85,0.15,8075.283,927173.435,221.15,178.007,4,2.999
90.05,0.2,8099.192,932753.559,225.819,178.059,4,4.669
90.15,0.1,8107.096,936076.332,225.871,178.317,4,0.052
92.55,2.35,8296.624,1012114.999,238.222,178.869,4,12.351
92.65,0.1,8306.643,1015632.061,241.221,179.403,4,2.999
93.0,0.3,8337.215,1027492.369,247.353,179.679,4,6.132
93.1,0.1,8344.295,1029890.244,250.352,180.213,4,2.999
93.2,0.1,8348.93,1032326.312,251.815,180.437,4,1.463
93.45,0.25,8358.802,1036655.096,256.484,180.489,4,4.669
93.75,0.35,8367.933,1036655.958,8102.318,1036474.659,3,9.131
95.35,1.8,8368.037,1036656.01,265.615,181.299,4,0.104
96.55,2.8,8369.613,1036656.166,8102.422,1036474.763,3,1.576
96.75,0.2,8369.665,1036656.166,8102.474,1036474.763,3,0.052
97.1,1.75,8369.925,1036656.322,267.191,181.403,4,0.26
97.35,0.2,8395.981,1036725.602,293.247,250.683,4,26.056
97.65,0.15,8470.072,1036775.952,367.338,301.033,4,74.091
99.15,99.15,8471.803,1036777.53,0.0,0.0,1,1.731
99.15,1.5,8471.803,1036777.53,369.069,302.611,4,0.525
99.6,0.35,8533.057,1036849.432,429.798,373.915,4,60.729
99.85,0.15,8574.783,1036884.136,471.524,408.619,4,41.726
99.95,0.1,8577.709,1036884.584,474.45,409.067,4,2.926
101.3,1.35,8583.79,1036893.735,480.531,418.218,4,6.081
101.85,0.25,8638.234,1036904.309,534.975,428.792,4,54.444
102.15,0.2,8671.984,1036976.254,568.725,500.737,4,33.75
102.55,0.1,8740.399,1037025.998,637.14,550.481,4,68.415
104.2,1.65,8744.451,1037026.102,641.192,550.585,4,4.052
105.25,1.05,8785.359,1037099.699,682.1,624.182,4,40.908
105.95,0.45,8827.034,1037134.791,723.775,659.274,4,41.675
106.1,0.1,8837.728,1037143.551,734.469,668.034,4,10.694
106.8,0.55,8860.144,1037152.863,756.885,677.346,4,22.416
106.95,0.1,8872.326,1037153.415,769.067,677.898,4,12.182
107.25,0.25,8878.417,1037153.691,775.158,678.174,4,6.091
107.4,0.1,8884.508,1037153.967,781.249,678.45,4,6.091
107.85,0.45,8890.599,1037154.243,787.34,678.726,4,6.091
108.6,0.75,8896.69,1037154.519,793.431,679.002,4,6.091
108.85,0.2,8924.267,1037226.267,821.008,750.75,4,27.577
109.0,0.1,8951.071,1037259.315,847.812,783.798,4,26.804
109.15,0.1,8990.337,1037280.521,887.078,805.004,4,39.266
109.25,0.1,9002.831,1037280.883,899.572,805.366,4,12.494
109.45,0.2,9006.706,1037280.935,903.447,805.418,4,3.875
109.55,0.1,9007.48,1037284.805,904.221,809.288,4,0.774
110.35,0.75,9036.414,1037358.028,933.155,882.511,4,28.934
111.35,1.0,9037.99,1037358.132,934.731,882.615,4,1.576
112.55,1.1,9068.809,1037390.76,965.55,915.243,4,30.819
112.7,0.1,9076.082,1037398.917,972.823,923.4,4,7.273
112.9,0.2,9092.249,1037407.178,988.99,931.661,4,16.167
113.0,0.1,9096.696,1037407.23,993.437,931.713,4,4.447
114.0,0.95,9105.59,1037407.334,1002.331,931.817,4,8.894
114.1,0.1,9110.037,1037407.386,1006.778,931.869,4,4.447
115.0,0.9,9114.484,1037407.438,1011.225,931.921,4,4.447
116.85,1.85,9118.931,1037407.49,1015.672,931.973,4,4.447
116.9,17.65,9145.92,1037470.715,0.525,0.598,1,114.224
116.95,116.95,9195.205,1037525.436,0.0,0.0,0,22.208
117.2,0.25,9274.744,1037563.889,1129.896,1048.561,4,25.465
117.3,0.1,9282.559,1037570.624,1131.627,1050.087,4,1.731
117.8,0.45,9311.547,1037640.94,1160.615,1120.403,4,28.988
117.95,0.15,9318.96,1037649.097,1168.028,1128.56,4,7.413
118.25,0.25,9342.926,1037673.568,1191.994,1153.031,4,23.966
118.5,0.25,9347.565,1037681.673,1196.633,1161.136,4,4.639
118.65,0.1,9362.485,1037689.934,1211.553,1169.397,4,14.92
118.85,0.15,9376.465,1037690.09,1225.533,1169.553,4,13.98
119.15,0.2,9390.372,1037690.246,1239.44,1169.709,4,13.907
119.25,0.1,9395.255,1037690.504,1244.323,1169.967,4,4.883
119.5,2.3,9399.842,1037690.556,25.465,24.429,0,4.587
119.5,2.3,9399.842,1037690.556,22.733,21.189,1,13.744
119.5,0.25,9399.842,1037690.556,1248.91,1170.019,4,15.198
120.1,0.45,9555.1,1037834.149,1375.226,1300.251,4,126.316
120.4,0.2,9584.752,1037866.781,1404.878,1332.883,4,29.652
120.55,0.15,9592.165,1037874.939,1412.291,1341.041,4,7.413
120.75,0.1,9619.653,1037883.305,1439.779,1349.407,4,27.488
120.9,0.15,9624.24,1037883.357,1444.366,1349.459,4,4.587
121.0,0.1,9628.827,1037883.409,1448.953,1349.511,4,4.587
121.2,0.2,9633.414,1037883.461,1453.54,1349.563,4,4.587
121.9,2.3,9638.001,1037883.513,39.209,30.425,0,4.587
121.9,2.3,9638.001,1037883.513,37.931,28.554,1,14.992
121.9,0.7,9638.001,1037883.513,1458.127,1349.615,4,11.595
122.5,0.45,9837.144,1038078.005,1630.683,1532.118,4,172.556
122.75,0.15,9867.809,1038110.637,1661.348,1564.75,4,30.665
122.9,0.1,9887.309,1038127.005,1680.848,1581.118,4,19.5
123.05,0.15,9891.896,1038127.057,1685.435,1581.17,4,4.587
123.25,0.1,9910.331,1038127.265,1703.87,1581.378,4,18.435
123.4,0.15,9914.918,1038127.317,1708.457,1581.43,4,4.587
124.35,2.35,9919.505,1038127.369,54.201,36.733,0,4.587
124.35,0.95,9919.505,1038127.369,1713.044,1581.482,4,14.888
124.4,2.4,9946.476,1038191.066,49.526,34.235,1,136.681
124.9,0.4,10085.65,1038343.999,1849.725,1785.08,4,14.576
125.05,0.15,10093.063,1038352.157,1857.138,1793.238,4,7.413
125.2,0.15,10115.25,1038376.631,1879.325,1817.712,4,22.187
125.3,0.1,10122.75,1038384.789,1886.825,1825.87,4,7.5
125.6,0.25,10141.839,1038393.155,1905.914,1834.236,4,19.089
125.8,0.1,10155.906,1038393.311,1919.981,1834.392,4,14.067
125.9,0.1,10160.566,1038393.363,1924.641,1834.444,4,4.66
126.15,0.25,10165.226,1038393.415,1929.301,1834.496,4,4.66
126.45,2.0,10169.886,1038393.532,69.089,43.561,0,4.66
126.45,2.0,10169.886,1038393.532,64.102,40.439,1,14.004
126.45,0.3,10169.886,1038393.532,1933.961,1834.613,4,14.42
126.95,0.4,10357.307,1038600.42,2092.958,2029.249,4,158.997
127.05,0.1,10364.72,1038608.578,2100.371,2037.407,4,7.413
127.2,0.1,10386.959,1038633.052,2122.61,2061.881,4,22.239
127.4,0.2,10395.298,1038641.21,2130.949,2070.039,4,8.339
127.85,0.3,10425.733,1038649.628,2161.384,2078.457,4,30.435
128.0,0.1,10434.907,1038649.732,2170.558,2078.561,4,9.174
128.6,2.05,10439.581,1038649.784,83.093,49.765,0,4.674
128.6,2.05,10439.581,1038649.784,78.522,46.487,1,14.42
128.6,0.6,10439.581,1038649.784,2175.232,2078.613,4,13.64
129.15,0.45,10617.64,1038856.392,2325.231,2273.333,4,149.999
129.45,0.2,10663.603,1038889.334,2371.194,2306.275,4,45.963
129.6,0.1,10679.355,1038905.65,2386.946,2322.591,4,15.752
129.95,0.2,10713.972,1038922.69,2421.563,2339.631,4,34.617
130.3,0.35,10723.146,1038922.794,2430.737,2339.735,4,9.174
130.8,0.5,10727.733,1038922.846,2435.324,2339.787,4,4.587
130.85,2.2,10728.058,1038982.518,97.513,55.709,0,128.857
130.85,2.15,10728.058,1038982.518,92.162,52.431,1,13.64
131.35,0.4,10884.13,1039067.859,2564.181,2472.912,4,13.9
131.45,0.1,10891.543,1039076.017,2571.594,2481.07,4,7.413
131.7,0.15,10913.782,1039100.491,2593.833,2505.544,4,22.239
131.85,0.1,10928.608,1039116.807,2608.659,2521.86,4,14.826
132.15,0.1,10952.469,1039117.067,2632.52,2522.12,4,23.861
132.45,0.25,10961.643,1039117.171,2641.694,2522.224,4,9.174
132.95,0.5,10966.23,1039117.223,2646.281,2522.276,4,4.587
133.0,2.05,10966.334,1039146.597,111.153,61.549,0,166.838
133.0,2.1,10966.334,1039146.597,106.062,58.479,1,12.964
133.2,0.1,11159.776,1039301.721,2813.119,2694.782,4,13.744
133.3,36.55,11185.158,1039391.128,8102.734,1036474.919,3,25.382
133.4,0.1,11188.475,1039392.832,8106.051,1036476.623,3,3.317
133.6,0.1,11194.335,1039397.012,8111.911,1036480.803,3,5.86
139.25,6.05,46323.49,1040097.372,2838.501,2784.189,4,350200.85
140.4,1.15,53715.477,1040241.242,2858.584,2784.499,4,20.083
149.2,8.8,108854.742,1041312.561,2860.16,2784.603,4,1.576
155.4,6.2,148562.745,1042082.718,2880.243,2784.913,4,20.083
161.7,6.3,187121.092,1042862.23,2881.819,2785.017,4,1.576
170.4,8.7,242874.008,1043949.742,2888.711,2792.875,4,6.892
179.25,8.85,300801.883,1045066.602,2890.287,2792.979,4,1.576
180.05,0.8,305909.822,1045168.227,2910.318,2793.083,4,20.031
185.4,5.35,339701.07,1045838.646,2911.78,2793.307,4,1.462
185.5,0.1,340351.316,1045851.386,2913.242,2793.531,4,1.462
186.1,0.6,344234.442,1045925.115,2914.818,2793.635,4,1.576
189.15,0.1,361475.568,1046284.444,358312.761,1043358.737,3,4.066
189.2,3.1,361660.416,1046288.241,2918.884,2793.687,4,13624.512
189.35,0.15,362502.486,1046308.913,2930.021,2793.945,4,11.137
191.8,0.1,375116.745,1046584.871,371937.273,1043658.63,3,5.528
192.5,0.15,378364.079,1046655.137,375184.607,1043728.896,3,3247.334
193.8,0.15,385393.597,1046804.765,382214.125,1043878.524,3,7029.518
194.0,4.65,386227.801,1046824.62,2935.549,2794.221,4,1534.48
194.1,0.1,386700.619,1046838.373,2937.011,2794.445,4,1.462
194.2,0.1,386933.605,1046844.18,383748.605,1043917.663,3,4.066
195.1,0.15,391163.217,1046936.183,387978.217,1044009.666,3,4229.612
195.3,0.1,391394.128,1046942.791,388209.128,1044016.274,3,230.911
195.9,0.1,393886.692,1046996.721,390701.692,1044070.204,3,2492.564
196.15,0.15,394087.216,1047001.79,390902.216,1044075.273,3,200.524
196.6,0.15,395946.768,1047042.694,392761.768,1044116.177,3,1859.552
196.8,0.1,396394.988,1047053.271,393209.988,1044126.754,3,448.22
197.1,0.1,397539.52,1047079.798,394354.52,1044153.281,3,1144.532
197.7,0.15,399708.24,1047125.347,396523.24,1044198.83,3,2168.72
197.95,0.1,400541.448,1047143.253,397356.448,1044216.736,3,833.208
198.5,0.1,402924.026,1047193.134,399739.026,1044266.617,3,2382.578
199.1,0.1,405901.058,1047256.455,402716.058,1044329.938,3,2977.032
199.25,5.15,407114.466,1047276.921,2941.077,2794.497,4,1726.48
199.45,0.15,407634.413,1047289.996,404442.538,1044363.221,3,6.875
199.65,0.1,407838.553,1047294.525,404646.678,1044367.75,3,204.14
200.25,0.1,410788.656,1047352.97,407596.781,1044426.195,3,2950.103
200.35,1.1,410880.824,1047355.772,2947.952,2794.755,4,92.168
200.5,0.2,410882.4,1047355.876,407688.949,1044428.997,3,1.576
200.7,0.1,411316.321,1047365.398,408122.87,1044438.519,3,433.921
201.6,0.1,416369.641,1047463.048,413176.19,1044536.169,3,5053.32
202.05,0.15,418024.073,1047499.778,414830.622,1044572.899,3,1654.432
202.75,0.15,421431.045,1047572.42,418237.594,1044645.541,3,3406.972
203.55,0.1,425551.588,1047664.893,422358.137,1044738.014,3,4120.543
204.1,0.1,428088.28,1047711.989,424894.829,1044785.11,3,2536.692
204.55,0.15,429988.908,1047751.704,426795.457,1044824.825,3,1900.628
205.45,5.1,434985.032,1047861.283,2949.528,2794.859,4,8856.526
206.3,0.15,438850.962,1047943.331,435651.983,1045016.176,3,5.528
207.15,0.2,442773.134,1048022.044,439574.155,1045094.889,3,3922.172
211.6,6.15,478445.261,1048631.531,2955.056,2795.135,4,35673.198
211.7,0.1,478451.86,1048632.445,475247.353,1045705.014,3,5.528
215.15,3.5,478451.912,1048632.51,2960.584,2795.476,4,0.052
215.35,0.2,478480.744,1048699.179,2989.416,2862.145,4,28.832
215.5,0.15,478482.32,1048699.283,2990.992,2862.249,4,1.576
215.6,0.1,478502.181,1048722.818,3010.853,2885.784,4,19.861
215.95,0.35,478508.836,1048730.663,3017.508,2893.629,4,6.655
216.35,0.15,478547.34,1048746.665,3056.012,2909.631,4,38.504
216.55,0.2,478551.169,1048746.717,3059.841,2909.683,4,3.829
216.95,83.85,478554.998,1048746.769,124.117,67.181,0,3.829
216.95,83.85,478554.998,1048746.769,119.806,64.839,1,0.104
216.95,5.25,478554.998,1048746.769,475247.405,1045705.014,3,0.208
216.95,0.4,478554.998,1048746.769,3063.67,2909.735,4,0.104
217.85,0.85,478555.726,1048751.06,3063.982,2913.818,4,0.312
0.0,0.0,0.0,0.0,0.0,0.0,0,2.718
