time,dens10,total_network_out,total_network_in,dest_out_traffic,dest_in_traffic,destination,size
1.65,1.65,0.0,0.0,0.0,0.0,4,0.0
14.6,12.95,1.576,0.052,1.576,0.052,4,1.576
16.4,1.8,4.301,3.078,4.301,3.078,4,2.725
16.65,0.1,9.064,5.207,9.064,5.207,4,4.763
16.95,0.25,12.134,5.483,12.134,5.483,4,3.07
17.25,0.1,42.851,72.753,42.851,72.753,4,30.717
17.4,0.15,43.207,91.899,43.207,91.899,4,0.356
17.85,0.35,46.767,95.265,46.767,95.265,4,3.56
18.6,18.6,62.191,120.707,0.0,0.0,3,15.424
29.95,12.1,1326.864,170080.369,62.191,120.707,4,6142.896
30.2,0.15,1357.849,174656.429,66.653,121.465,4,4.462
30.45,0.25,1394.574,178772.113,74.287,129.888,4,7.634
31.7,1.25,1556.463,199167.072,94.476,130.198,4,20.189
40.45,8.75,2451.971,332260.121,96.052,130.25,4,1.576
40.65,0.2,2495.82,335358.567,116.241,130.56,4,20.189
41.8,1.0,2641.67,354495.825,134.486,148.211,4,18.245
50.45,8.55,3685.16,479139.65,146.516,157.22,4,12.03
50.9,0.45,3739.981,485912.154,166.653,157.324,4,20.137
51.15,0.15,3782.183,491446.698,183.354,167.091,4,16.701
51.55,0.3,3838.11,498769.782,193.796,167.729,4,10.442
51.65,0.1,3851.133,500552.062,195.259,167.953,4,1.463
59.7,8.0,4811.25,622183.955,205.701,168.591,4,10.442
60.45,0.7,4903.824,632508.099,208.575,168.867,4,2.874
61.65,1.2,4992.704,651589.354,226.527,169.177,4,17.952
63.65,2.0,5170.508,697889.596,228.103,169.229,4,1.576
63.85,0.1,5195.554,702406.189,235.646,169.557,4,7.543
64.05,0.2,5208.717,706239.394,237.109,169.781,4,1.463
66.2,2.15,5427.054,763175.728,241.778,169.833,4,4.669
66.3,0.1,5439.85,764553.473,243.241,170.057,4,1.463
66.4,0.1,5453.273,765864.521,244.704,170.281,4,1.463
70.4,4.0,5867.598,832885.91,249.373,170.333,4,4.669
72.1,1.7,6066.825,864623.294,260.88,170.591,4,11.507
72.35,0.25,6092.467,870900.297,262.416,170.901,4,1.536
72.45,0.1,6103.55,873358.377,263.879,171.125,4,1.463
74.35,1.9,6247.111,923662.297,268.548,171.177,4,4.669
74.5,0.15,6258.639,925373.69,271.547,171.711,4,2.999
75.05,0.5,6293.111,931750.118,277.679,171.987,4,6.132
76.65,1.55,6349.565,946686.134,286.81,172.797,4,9.131
79.05,2.4,6429.297,970968.141,288.386,172.849,4,1.576
79.25,0.2,6434.281,971710.513,291.385,173.383,4,2.999
80.4,1.05,6440.622,971710.789,297.726,173.659,4,6.341
82.05,82.05,6442.228,971711.047,0.0,0.0,2,1.606
82.05,1.65,6442.228,971711.047,299.332,173.917,4,0.525
82.2,0.1,6468.391,971780.315,324.97,240.13,4,25.638
82.65,0.2,6548.043,971838.67,404.622,298.485,4,79.652
82.7,82.7,6585.347,971906.972,0.0,0.0,6,40.438
83.05,0.35,6589.006,971909.856,445.06,369.073,4,0.525
83.45,0.15,6641.228,971953.496,497.282,412.713,4,52.222
83.8,0.1,6698.781,971972.452,554.835,431.669,4,57.553
83.9,0.1,6704.798,971972.728,560.852,431.945,4,6.017
85.85,1.9,6710.815,971973.004,566.869,432.221,4,6.017
86.05,0.15,6738.6,972044.515,594.654,503.732,4,27.785
86.15,0.1,6766.309,972077.435,622.363,536.652,4,27.709
86.45,0.1,6813.801,972102.489,669.855,561.706,4,47.492
86.6,0.15,6817.676,972102.541,673.73,561.758,4,3.875
87.15,0.5,6858.428,972175.524,714.482,634.741,4,40.752
87.6,0.25,6900.327,972210.564,756.381,669.781,4,41.899
87.7,0.1,6910.707,972219.324,766.761,678.541,4,10.38
88.1,0.4,6921.087,972228.084,777.141,687.301,4,10.38
88.5,0.15,6956.146,972237.948,812.2,697.165,4,35.059
88.65,0.1,6962.164,972238.224,818.218,697.441,4,6.018
88.8,0.1,6974.2,972238.776,830.254,697.993,4,12.036
89.75,0.95,6980.218,972239.052,836.272,698.269,4,6.018
89.9,0.1,7007.743,972310.799,863.797,770.016,4,27.525
90.25,0.1,7071.055,972368.841,927.109,828.058,4,63.312
90.4,0.1,7082.68,972368.997,938.734,828.214,4,11.625
90.55,0.1,7088.935,972373.125,944.989,832.342,4,6.255
90.6,8.5,7114.681,972441.722,0.525,3.055,2,28.776
91.4,0.8,7118.072,972445.458,973.765,901.642,4,0.361
91.55,0.15,7125.341,972453.615,981.034,909.799,4,7.269
92.3,0.65,7149.544,972478.138,1005.237,934.322,4,24.203
93.35,1.05,7156.813,972486.295,1012.506,942.479,4,7.269
93.95,0.6,7164.155,972494.452,1019.848,950.636,4,7.342
94.1,0.1,7176.013,972502.661,1031.706,958.845,4,11.858
94.7,0.45,7199.036,972510.447,1054.729,966.631,4,23.023
94.9,0.2,7203.479,972510.499,1059.172,966.683,4,4.443
95.4,0.5,7212.511,972510.603,1068.204,966.787,4,9.032
95.5,4.9,7243.787,972573.22,0.886,6.088,2,132.812
95.55,12.85,7282.989,972603.873,0.525,0.598,6,0.924
95.65,0.1,7353.909,972655.138,1.81,8.255,2,24.382
95.85,0.3,7390.427,972680.502,1201.016,1098.314,4,20.684
96.25,0.3,7421.98,972753.081,1231.683,1169.966,4,30.667
96.5,0.2,7452.384,972785.709,1262.087,1202.594,4,30.404
96.75,0.2,7467.289,972802.023,1276.992,1218.908,4,14.905
97.0,0.15,7493.885,972810.388,1303.588,1227.273,4,26.596
97.3,0.2,7507.634,972810.544,1317.337,1227.429,4,13.749
97.55,0.25,7512.217,972810.596,1321.92,1227.481,4,4.583
97.6,1.75,7512.269,972818.092,22.494,23.554,2,169.834
97.65,1.85,7585.511,972914.761,24.907,22.431,6,11.718
98.0,0.3,7709.733,973036.434,1491.754,1441.642,4,15.964
98.3,0.25,7740.085,973069.066,1522.106,1474.274,4,30.352
98.5,0.1,7754.903,973085.382,1536.924,1490.59,4,14.818
98.65,0.1,7776.061,973093.696,1558.082,1498.904,4,21.158
98.85,0.15,7786.047,973093.8,1568.068,1499.008,4,9.986
99.1,0.2,7795.3,973093.904,1577.321,1499.112,4,9.253
99.4,1.7,7799.883,973093.956,34.212,28.447,2,4.583
99.4,0.3,7799.883,973093.956,1581.904,1499.164,4,12.452
99.4,1.7,7799.883,973093.956,40.871,29.215,6,151.415
99.8,0.25,7979.506,973301.412,1733.319,1692.781,4,15.756
100.15,0.25,8009.142,973334.044,1762.955,1725.413,4,29.636
100.35,0.2,8024.193,973350.36,1778.006,1741.729,4,15.051
100.6,0.1,8069.212,973359.036,1823.025,1750.405,4,45.019
100.75,0.1,8078.451,973359.14,1832.264,1750.509,4,9.239
100.9,0.15,8083.107,973359.192,1836.92,1750.561,4,4.656
101.3,0.4,8087.69,973359.244,1841.503,1750.613,4,4.583
101.3,1.8,8087.69,973359.244,56.627,36.675,6,142.987
101.35,1.8,8114.752,973423.068,46.664,34.826,2,15.808
101.7,0.25,8258.263,973531.997,1984.49,1911.481,4,11.778
101.95,0.2,8288.719,973564.681,2014.946,1944.165,4,30.456
102.05,0.1,8296.128,973572.839,2022.355,1952.323,4,7.409
102.15,0.1,8303.537,973580.997,2029.764,1960.481,4,7.409
102.35,0.2,8325.515,973589.311,2051.742,1968.795,4,21.978
102.45,0.1,8334.681,973589.415,2060.908,1968.899,4,9.166
102.65,0.1,8343.76,973589.519,2069.987,1969.003,4,9.079
103.1,1.7,8348.343,973597.069,58.442,39.979,2,4.583
103.1,0.45,8348.343,973597.069,2074.57,1976.553,4,15.392
103.1,1.7,8348.343,973597.069,72.435,43.407,6,166.599
103.45,0.25,8542.06,973794.378,2241.169,2161.977,4,11.726
103.65,0.15,8572.622,973827.01,2271.731,2194.609,4,30.562
103.75,0.1,8580.031,973835.168,2279.14,2202.767,4,7.409
103.95,0.1,8594.936,973851.484,2294.045,2219.083,4,14.905
104.25,0.1,8622.434,973851.796,2321.543,2219.395,4,27.498
104.5,0.25,8627.017,973851.848,2326.126,2219.447,4,4.583
104.85,0.35,8631.6,973851.9,2330.709,2219.499,4,4.583
104.9,1.7,8640.078,973911.519,73.834,46.763,2,151.912
104.9,1.75,8640.078,973911.519,84.161,48.508,6,15.756
105.15,0.15,8811.15,974019.906,2482.621,2375.308,4,11.882
105.45,0.2,8840.786,974052.538,2512.257,2407.94,4,29.636
105.55,0.1,8848.268,974060.696,2519.739,2416.098,4,7.482
105.7,0.15,8855.75,974068.854,2527.221,2424.256,4,7.482
105.85,0.1,8874.111,974077.116,2545.582,2432.518,4,18.361
106.05,0.1,8892.836,974077.324,2564.307,2432.726,4,18.725
106.25,0.2,8897.492,974077.376,2568.963,2432.778,4,4.656
106.65,0.4,8902.075,974077.428,2573.546,2432.83,4,4.583
106.75,0.1,8903.651,974077.48,2575.122,2432.882,4,1.576
106.75,1.75,8903.651,974077.48,96.043,53.557,6,157.698
106.8,1.8,8956.161,974142.784,89.59,53.984,2,11.986
107.1,0.25,9089.039,974292.207,2732.82,2635.932,4,15.704
107.4,0.25,9120.315,974324.839,2764.096,2668.564,4,31.276
107.6,0.15,9135.133,974341.155,2778.914,2684.88,4,14.818
107.85,0.1,9160.822,974349.521,2804.603,2693.246,4,25.689
108.15,0.15,9188.519,974370.611,2832.3,2714.336,4,27.697
108.45,0.3,9193.102,974370.663,2836.883,2714.388,4,4.583
108.5,1.65,9211.212,974430.438,105.294,60.279,2,144.334
108.5,1.65,9211.212,974430.438,108.029,58.866,6,11.674
108.7,0.1,9364.502,974530.848,2981.217,2862.844,4,15.392
108.75,29.7,9389.832,974620.065,6142.896,971537.13,3,25.33
121.7,13.0,89563.01,976189.158,3006.547,2952.061,4,412419.625
124.4,2.7,106609.444,976533.087,3008.123,2952.113,4,1.576
124.5,0.1,107198.654,976545.658,3009.585,2952.337,4,1.462
124.8,0.3,109127.017,976582.033,3011.047,2952.561,4,1.462
125.95,1.15,116748.651,976727.9,3012.509,2952.785,4,1.462
137.35,11.4,190480.464,978151.122,3012.626,2960.591,4,0.117
141.8,4.45,219679.127,978722.021,3012.73,2960.643,4,0.104
142.2,0.4,222359.468,978773.553,3012.782,2960.815,4,0.052
149.95,7.75,271877.069,979758.454,3016.848,2960.815,4,4.066
150.05,0.1,272197.578,979765.525,3018.31,2961.039,4,1.462
150.45,0.4,274631.667,979815.528,3022.376,2961.091,4,4.066
151.85,1.4,283575.294,979993.201,3042.089,2961.401,4,19.713
158.25,6.4,324055.571,980829.854,3043.551,2961.625,4,1.462
160.25,2.0,338566.561,981101.176,3047.617,2961.677,4,4.066
162.7,2.45,355090.866,981424.98,3057.298,2962.005,4,9.681
163.5,0.8,360191.93,981529.83,3058.76,2962.229,4,1.462
166.65,3.15,381168.348,981946.238,3062.826,2962.281,4,4.066
169.6,2.95,400950.687,982328.995,3064.402,2962.333,4,1.576
170.45,0.8,407113.223,982444.669,3069.93,2962.609,4,5.528
172.1,0.1,421872.892,982673.477,418562.521,979579.788,3,0.052
172.1,1.65,421872.892,982673.477,3069.982,2962.815,4,1.123
175.3,3.2,421879.543,982674.344,3075.51,2963.091,4,5.528
175.5,0.15,421908.479,982741.101,3104.446,3029.848,4,28.936
175.7,0.15,421935.971,982772.533,3131.938,3061.28,4,27.492
175.8,0.1,421942.626,982780.378,3138.593,3069.125,4,6.655
175.95,0.1,421956.023,982796.068,3151.99,3084.815,4,13.397
176.15,0.1,421975.168,982796.328,3171.135,3085.075,4,19.145
176.3,0.1,421982.826,982796.432,3178.793,3085.179,4,7.658
176.6,68.05,421986.655,982796.484,116.968,65.068,2,3.829
176.6,0.3,421986.655,982796.484,3182.622,3085.231,4,0.104
176.6,68.0,421986.655,982796.484,123.421,65.806,6,0.26
176.65,4.5,421987.227,982801.035,418563.644,979580.379,3,0.208
0.0,0.0,0.0,0.0,0.0,0.0,0,0.104
