time,dens10,total_network_out,total_network_in,dest_out_traffic,dest_in_traffic,destination,size
4.85,4.85,0.0,0.0,0.0,0.0,4,0.0
14.15,9.3,1.576,0.104,1.576,0.104,4,1.576
18.5,4.35,4.301,3.182,4.301,3.182,4,2.725
18.8,0.15,7.408,4.923,7.408,4.923,4,3.107
19.2,0.4,7.512,4.975,7.512,4.975,4,0.104
19.6,0.35,9.116,5.311,9.116,5.311,4,1.604
19.85,0.25,10.61,5.535,10.61,5.535,4,1.494
20.05,0.2,12.186,5.639,12.186,5.639,4,1.576
20.5,0.3,17.569,72.008,17.569,72.008,4,5.383
21.0,0.4,20.815,72.493,20.815,72.493,4,3.246
21.2,0.1,31.911,72.701,31.911,72.701,4,11.096
21.35,0.15,43.007,72.909,43.007,72.909,4,11.096
22.0,0.6,43.363,92.055,43.363,92.055,4,0.356
23.5,1.35,47.027,95.451,47.027,95.451,4,3.664
27.05,27.05,62.723,121.346,0.0,0.0,3,15.696
27.65,0.35,64.784,128.642,2.061,7.296,3,2.061
29.35,0.1,91.662,4779.78,28.939,4658.434,3,26.878
34.9,11.2,372.514,88099.115,62.723,121.346,4,2667.183
36.25,1.35,448.002,109735.276,64.299,121.622,4,1.576
37.05,0.75,481.058,121561.658,65.847,122.117,4,1.548
39.55,2.45,645.076,160707.817,75.017,130.644,4,9.17
39.9,0.3,661.194,167426.23,77.976,131.363,4,2.959
40.05,0.15,672.797,170217.938,79.491,131.587,4,1.515
40.25,0.2,697.325,173310.381,88.783,139.856,4,9.292
40.45,0.15,711.323,176630.759,90.246,140.08,4,1.463
40.6,0.1,731.473,178674.994,99.277,148.607,4,9.031
45.15,4.55,1025.235,253179.597,119.36,149.399,4,20.083
45.25,0.1,1029.291,254894.658,119.412,156.756,4,0.052
49.9,4.65,1223.106,319229.422,122.186,156.808,4,2.774
51.0,1.1,1307.157,335476.413,123.762,157.17,4,1.576
53.5,2.45,1417.126,368018.95,129.979,166.573,4,6.217
57.65,4.15,1681.308,427170.142,132.753,166.625,4,2.774
58.0,0.35,1708.376,431085.642,134.289,167.107,4,1.536
60.55,2.55,1898.645,458693.383,140.442,174.878,4,6.153
63.7,3.15,2123.862,496715.846,160.155,175.188,4,19.713
63.8,0.1,2132.473,497907.193,161.639,175.498,4,1.484
64.55,0.65,2191.686,508633.259,167.412,176.084,4,5.773
64.85,0.3,2213.634,512980.671,167.516,176.256,4,0.104
65.05,0.15,2230.453,515722.123,170.555,176.584,4,3.039
72.15,7.1,2625.765,579706.309,178.05,185.007,4,7.495
74.2,2.05,2783.226,610204.317,197.763,185.317,4,19.713
74.55,0.35,2802.913,613251.363,199.299,185.627,4,1.536
74.75,0.2,2813.112,614962.558,200.71,185.679,4,1.411
76.05,0.1,2906.17,638407.547,2696.122,638221.764,3,9.338
77.35,2.55,2963.33,661290.853,210.048,185.783,4,653.534
77.45,0.1,2971.168,663346.413,213.047,186.317,4,2.999
78.95,1.45,3047.347,690771.957,219.179,186.593,4,6.132
79.2,0.2,3067.223,695006.196,222.178,187.127,4,2.999
79.35,0.15,3075.186,697003.032,223.641,187.351,4,1.463
79.85,0.5,3112.979,705506.028,228.31,187.403,4,4.669
80.55,0.65,3155.635,716469.689,229.886,187.507,4,1.576
86.9,6.35,3466.607,862500.046,241.023,187.765,4,11.137
87.1,0.2,3477.846,870038.61,242.486,187.989,4,1.463
89.1,2.0,3573.099,931113.862,247.155,188.041,4,4.669
89.4,0.25,3585.866,936611.283,250.154,188.575,4,2.999
89.55,0.1,3595.484,939402.274,254.616,189.333,4,4.462
89.65,0.1,3602.545,940950.978,259.285,189.385,4,4.669
89.75,0.1,3607.128,942946.822,260.748,189.609,4,1.463
90.25,0.25,3615.073,944974.617,3349.656,944784.956,3,4.669
90.45,0.2,3615.125,944974.669,3349.708,944785.008,3,0.052
90.5,0.75,3615.489,945171.701,265.417,189.661,4,42.476
92.15,1.65,3661.521,971292.546,270.161,189.919,4,4.744
92.3,0.15,3665.344,971550.31,273.16,190.453,4,2.999
92.45,0.15,3666.807,971550.534,274.623,190.677,4,1.463
94.85,2.4,3671.476,971550.586,279.292,190.729,4,4.669
96.1,1.25,3673.052,971550.69,280.868,190.833,4,1.576
96.15,96.15,3694.235,971616.449,0.0,0.0,6,23.957
96.25,0.1,3697.409,971616.803,304.825,256.644,4,0.577
96.5,0.25,3699.059,971619.78,306.298,256.868,4,1.473
97.05,0.1,3783.126,971696.123,390.365,333.211,4,84.067
97.8,0.65,3795.018,971696.279,402.257,333.367,4,11.892
97.95,0.1,3834.661,971767.381,441.9,404.469,4,39.643
98.0,98.0,3836.134,971767.605,0.0,0.0,2,1.473
98.45,0.5,3836.784,971768.13,443.373,404.693,4,0.65
98.75,0.25,3878.283,971802.886,484.872,439.449,4,41.499
98.9,0.1,3888.662,971811.614,495.251,448.177,4,10.379
99.3,0.35,3899.128,971820.342,505.717,456.905,4,10.466
99.85,0.15,3948.73,971847.354,555.319,483.917,4,49.602
100.05,0.1,3960.764,971847.906,567.353,484.469,4,12.034
100.25,0.2,3962.227,971848.13,568.816,484.693,4,1.463
100.5,0.25,3966.781,971848.182,573.37,484.745,4,4.554
100.65,0.1,3973.656,971848.44,580.245,485.003,4,6.875
100.75,0.1,3975.119,971848.664,581.708,485.227,4,1.463
100.9,4.65,3987.679,971851.784,0.577,3.055,6,37.99
101.1,0.15,4013.522,971920.569,619.698,553.902,4,0.413
101.35,0.1,4040.413,971953.489,646.589,586.822,4,26.891
101.6,0.15,4053.815,971969.949,659.991,603.282,4,13.402
101.85,0.1,4086.625,971994.795,692.801,628.128,4,32.81
102.1,0.2,4094.729,971994.899,700.905,628.232,4,8.104
102.25,0.15,4098.604,971994.951,704.78,628.284,4,3.875
102.4,102.4,4139.976,972064.92,0.0,0.0,5,42.993
103.7,1.3,4141.893,972065.902,747.773,699.071,4,0.296
103.75,1.3,4143.624,972067.428,0.296,0.164,5,9.439
107.1,3.25,4151.561,972071.745,757.212,703.069,4,0.229
107.35,0.1,4189.342,972106.267,794.993,737.591,4,37.781
107.85,0.5,4193.652,972106.629,799.303,737.953,4,4.31
108.7,0.7,4214.412,972124.149,820.063,755.473,4,20.76
108.85,0.1,4224.792,972132.909,830.443,764.233,4,10.38
108.95,0.1,4226.256,972133.133,831.907,764.457,4,1.464
109.1,0.1,4239.585,972142.341,845.236,773.665,4,13.329
109.55,0.45,4258.211,972150.981,863.862,782.305,4,18.626
109.65,0.1,4264.229,972151.257,869.88,782.581,4,6.018
109.75,0.1,4265.693,972151.481,871.344,782.805,4,1.464
110.25,0.35,4277.841,972151.913,883.492,783.237,4,12.148
110.35,0.1,4279.305,972152.137,884.956,783.461,4,1.464
110.5,0.15,4283.859,972152.189,889.51,783.513,4,4.554
110.85,0.3,4290.734,972152.447,896.385,783.771,4,6.875
110.95,0.1,4292.198,972152.671,897.849,783.995,4,1.464
111.2,0.25,4296.752,972152.723,902.403,784.047,4,4.554
111.5,0.15,4330.451,972224.801,936.102,856.125,4,33.699
112.25,0.15,4411.841,972299.419,1017.492,930.743,4,81.39
112.35,0.1,4415.716,972299.471,1021.367,930.795,4,3.875
112.55,0.1,4424.275,972315.894,1029.926,947.218,4,8.559
112.55,8.8,4424.275,972315.894,0.525,2.009,5,25.431
112.75,0.15,4450.068,972372.311,1055.357,999.948,4,0.362
112.75,11.85,4450.068,972372.311,0.99,6.285,6,3.03
114.1,1.35,4453.459,972376.543,1058.387,1000.711,4,0.361
114.3,0.2,4460.746,972384.7,1065.674,1008.868,4,7.287
115.55,1.15,4483.514,972409.171,1088.442,1033.339,4,22.768
116.7,1.15,4498.175,972425.485,1103.103,1049.653,4,14.661
117.25,0.55,4505.462,972433.642,1110.39,1057.81,4,7.287
117.35,0.1,4512.749,972441.799,1117.677,1065.967,4,7.287
117.5,0.1,4520.036,972449.956,1124.964,1074.124,4,7.287
117.6,0.1,4524.584,972450.008,1129.512,1074.176,4,4.548
118.25,0.65,4529.865,972450.06,1134.793,1074.228,4,5.281
118.55,0.3,4534.413,972450.112,1139.341,1074.28,4,4.548
119.35,0.8,4543.335,972450.216,1148.263,1074.384,4,8.922
120.15,0.8,4547.796,972450.268,1152.724,1074.436,4,4.461
120.5,0.35,4552.257,972450.32,1157.185,1074.488,4,4.461
120.65,7.9,4586.948,972513.091,1.351,9.754,6,36.09
120.7,8.15,4588.511,972514.304,0.887,5.696,5,0.892
120.8,0.15,4590.079,972521.469,1193.275,1137.875,4,0.84
120.85,0.1,4626.121,972559.058,1.727,9.551,5,235.859
120.9,0.2,4691.689,972627.799,2.243,13.661,6,32.904
121.15,0.1,4846.009,972770.343,1429.134,1365.145,4,4.819
121.2,0.15,4863.669,972773.723,7.062,21.156,6,17.939
121.45,0.25,4893.698,972800.72,1447.073,1365.301,4,15.571
121.5,0.1,4898.696,972805.947,22.633,35.651,6,29.987
121.6,0.15,4926.046,972875.367,34.631,43.139,5,0.362
122.1,0.5,4927.882,972876.694,1477.06,1432.709,4,0.362
122.65,0.4,4958.516,972909.322,1507.694,1465.337,4,30.634
123.05,0.4,4973.457,972925.636,1522.635,1481.651,4,14.941
123.2,0.15,4980.884,972933.793,1530.062,1489.808,4,7.427
123.45,0.2,4988.311,972941.95,1537.489,1497.965,4,7.427
123.95,0.5,5000.339,972950.159,1549.517,1506.174,4,12.028
124.1,0.1,5014.361,972950.315,1563.539,1506.33,4,14.022
124.4,0.3,5019.035,972950.367,1568.213,1506.382,4,4.674
124.75,0.35,5023.709,972950.419,1572.887,1506.434,4,4.674
124.85,0.1,5028.383,972950.471,1577.561,1506.486,4,4.674
124.95,0.1,5029.959,972950.575,1579.137,1506.59,4,1.576
125.0,3.4,5034.891,972951.893,34.993,44.242,5,119.201
125.0,3.5,5034.891,972951.893,22.995,39.361,6,16.32
125.25,0.1,5155.286,973074.75,51.313,51.494,5,18.06
125.3,0.15,5180.871,973143.46,41.055,46.765,6,0.362
125.7,0.35,5184.264,973145.271,1698.338,1681.813,4,0.362
125.85,0.1,5207.558,973169.745,1721.632,1706.287,4,23.294
126.2,0.3,5214.985,973177.903,1729.059,1714.445,4,7.427
126.45,0.25,5222.412,973186.061,1736.486,1722.603,4,7.427
126.8,0.35,5229.839,973194.219,1743.913,1730.761,4,7.427
126.9,0.1,5237.353,973202.377,1751.427,1738.919,4,7.514
127.05,0.1,5244.78,973210.535,1758.854,1747.077,4,7.427
127.5,0.3,5261.409,973218.797,1775.483,1755.339,4,16.629
127.65,0.15,5266.01,973218.849,1780.084,1755.391,4,4.601
127.9,0.25,5270.611,973218.901,1784.685,1755.443,4,4.601
128.25,0.35,5275.212,973218.953,1789.286,1755.495,4,4.601
128.35,0.1,5279.813,973219.005,1793.887,1755.547,4,4.601
128.4,3.15,5284.466,973230.951,51.675,55.203,5,31.434
128.45,3.15,5313.866,973284.038,41.417,47.873,6,11.895
128.55,0.15,5329.657,973291.049,1825.321,1818.715,4,13.816
128.65,0.1,5363.686,973366.429,55.233,55.135,6,28.202
129.05,0.4,5365.522,973367.758,1853.523,1885.699,4,0.362
129.5,0.35,5396.243,973400.39,1884.244,1918.331,4,30.721
130.1,0.5,5411.097,973416.706,1899.098,1934.647,4,14.854
130.2,0.1,5418.524,973424.864,1906.525,1942.805,4,7.427
130.35,0.15,5425.951,973433.022,1913.952,1950.963,4,7.427
130.6,0.1,5447.181,973441.336,1935.182,1959.277,4,21.23
130.75,0.1,5465.409,973441.646,1953.41,1959.587,4,18.228
131.15,0.4,5470.01,973441.698,1958.011,1959.639,4,4.601
131.6,0.45,5474.611,973441.75,1962.612,1959.691,4,4.601
131.7,0.1,5479.212,973441.802,1967.213,1959.743,4,4.601
131.75,3.15,5504.684,973501.975,63.57,65.437,5,25.472
131.75,3.1,5504.684,973501.975,55.595,56.24,6,18.374
131.85,0.15,5522.985,973514.775,1992.685,2019.916,4,18.168
132.15,0.2,5579.783,973550.759,2031.242,2052.527,4,38.557
132.75,0.3,5621.121,973600.275,2072.58,2102.043,4,41.338
133.3,0.45,5635.975,973616.591,2087.434,2118.359,4,14.854
133.55,0.2,5643.402,973624.749,2094.861,2126.517,4,7.427
133.7,0.15,5659.217,973641.065,2110.676,2142.833,4,15.815
133.9,0.15,5668.419,973641.169,2119.878,2142.937,4,9.202
134.05,0.1,5677.621,973641.273,2129.08,2143.041,4,9.202
134.25,0.2,5682.222,973641.325,2133.681,2143.093,4,4.601
134.75,0.5,5686.823,973641.377,2138.282,2143.145,4,4.601
134.8,2.95,5691.424,973641.429,81.944,74.514,5,33.142
134.85,2.95,5717.553,973703.903,73.763,63.336,6,18.528
134.95,0.1,5733.987,973711.1,2171.424,2203.534,4,6.458
135.45,0.4,5780.966,973786.864,2207.439,2270.768,4,36.015
135.6,0.1,5803.334,973811.338,2229.807,2295.242,4,22.368
135.9,0.3,5810.761,973819.496,2237.234,2303.4,4,7.427
136.0,0.1,5818.188,973827.654,2244.661,2311.558,4,7.427
136.55,0.55,5825.615,973835.812,2252.088,2319.716,4,7.427
136.9,0.25,5848.822,973860.286,2275.295,2344.19,4,23.207
137.2,0.15,5867.313,973860.494,2293.786,2344.398,4,18.491
137.75,0.5,5876.515,973860.598,2302.988,2344.502,4,9.202
137.85,0.1,5881.116,973860.65,2307.589,2344.554,4,4.601
138.55,0.7,5885.717,973860.702,2312.19,2344.606,4,4.601
138.6,3.6,5911.151,973923.264,100.472,87.407,5,110.656
138.6,3.65,5911.151,973923.264,80.221,68.307,6,13.067
139.45,0.7,6026.776,973998.607,2422.846,2469.297,4,17.336
139.8,0.25,6056.776,974031.239,2452.846,2501.929,4,30.0
139.95,0.1,6065.779,974039.501,2461.849,2510.191,4,9.003
140.45,0.5,6073.206,974047.659,2469.276,2518.349,4,7.427
140.7,0.2,6088.133,974063.975,2484.203,2534.665,4,14.927
140.85,0.15,6117.181,974072.443,2513.251,2543.133,4,29.048
141.0,0.1,6131.13,974072.599,2527.2,2543.289,4,13.949
141.25,0.15,6140.332,974072.703,2536.402,2543.393,4,9.202
141.45,0.2,6144.933,974072.755,2541.003,2543.445,4,4.601
141.75,0.3,6145.037,974072.807,2541.107,2543.497,4,0.104
141.85,0.1,6149.638,974072.859,2545.708,2543.549,4,4.601
141.95,3.2,6181.072,974135.973,113.539,93.681,5,98.313
141.95,3.25,6181.072,974135.973,97.557,75.247,6,17.184
142.25,0.15,6282.991,974262.721,2644.021,2719.323,4,17.856
142.8,0.3,6323.365,974310.607,2684.395,2767.209,4,40.374
142.9,0.1,6330.792,974318.765,2691.822,2775.367,4,7.427
143.4,0.5,6338.219,974326.923,2699.249,2783.525,4,7.427
143.6,0.15,6365.921,974351.449,2726.951,2808.051,4,27.702
143.7,0.1,6370.522,974351.501,2731.552,2808.103,4,4.601
143.95,0.25,6379.724,974351.605,2740.754,2808.207,4,9.202
144.1,0.15,6384.325,974351.657,2745.355,2808.259,4,4.601
144.6,0.5,6388.926,974351.709,2749.956,2808.311,4,4.601
145.05,0.45,6398.076,974351.813,2759.106,2808.415,4,9.15
145.05,3.0,6398.076,974351.813,130.723,100.517,5,79.055
145.05,3.0,6398.076,974351.813,115.413,82.499,6,13.522
145.3,0.1,6508.509,974489.097,2838.161,2932.02,4,17.856
145.35,0.2,6532.05,974551.326,133.269,90.167,6,25.067
145.55,53.4,6533.99,974578.437,3392.184,971359.857,3,0.414
145.95,0.25,6537.103,974580.028,3395.297,971361.448,3,3.113
146.4,0.25,6541.164,974583.504,3399.358,971364.924,3,4.061
147.0,0.55,6543.316,974584.376,3401.51,971365.796,3,2.152
156.0,10.65,46211.664,975320.499,2863.228,2994.473,4,250102.222
157.2,1.2,51365.464,975413.525,2863.28,2994.473,4,0.052
159.25,2.0,59052.984,975566.399,2864.742,2994.697,4,1.462
171.6,12.35,114279.668,976613.079,2864.815,2994.697,4,0.073
180.65,9.05,155405.731,977386.435,2870.291,2995.038,4,5.476
185.2,4.55,175279.417,977769.013,2890.322,2995.142,4,20.031
190.55,5.35,198875.562,978235.932,2890.374,2995.142,4,0.052
192.65,2.1,208818.16,978419.94,2910.405,2995.246,4,20.031
200.85,8.15,247052.985,979141.912,2914.523,3003.052,4,4.118
202.9,0.1,256696.885,979312.821,253503.732,976085.662,3,0.052
214.9,14.05,313880.798,980350.372,2914.575,3003.052,4,57399.325
215.0,0.1,314097.786,980354.77,310903.057,977127.507,3,1.576
218.35,0.1,332142.874,980656.532,328948.145,977429.269,3,18045.088
218.65,3.75,333605.442,980678.435,2916.151,3003.156,4,1489.134
218.8,0.15,333633.47,980679.053,330437.279,977451.566,3,1.462
218.95,0.15,333634.005,980679.277,330437.814,977451.79,3,0.535
218.95,0.3,333634.005,980679.277,2917.613,3003.38,4,0.052
220.5,1.55,333638.123,980679.329,2921.679,3003.432,4,4.066
222.05,1.55,333639.729,980679.587,2923.285,3003.69,4,1.606
222.1,76.75,333663.426,980741.786,133.683,117.054,6,28.569
222.4,0.25,333668.66,980746.494,2951.854,3069.447,4,0.362
222.75,0.2,333696.916,980777.822,2980.11,3100.775,4,28.256
223.05,0.25,333710.226,980793.512,2993.42,3116.465,4,13.31
223.3,0.25,333716.881,980801.357,3000.075,3124.31,4,6.655
223.45,0.1,333730.191,980817.047,3013.385,3140.0,4,13.31
223.6,0.15,333734.02,980817.099,3017.214,3140.052,4,3.829
223.7,0.1,333745.507,980817.255,3028.701,3140.208,4,11.487
223.85,0.15,333749.336,980817.307,3032.53,3140.26,4,3.829
224.05,0.2,333753.165,980817.359,3036.359,3140.312,4,3.829
224.2,0.15,333756.994,980817.411,3040.188,3140.364,4,3.829
224.4,0.2,333760.823,980817.463,3044.017,3140.416,4,3.829
224.4,79.2,333760.823,980817.463,144.245,106.528,5,0.26
224.4,2.3,333760.823,980817.463,134.045,118.204,6,0.104
224.5,126.35,333761.291,980822.17,0.65,0.577,2,0.104
224.55,5.6,333761.343,980822.222,330437.866,977451.79,3,0.052
0.0,0.0,0.0,0.0,0.0,0.0,0,0.104
