time,dens10,total_network_out,total_network_in,dest_out_traffic,dest_in_traffic,destination,size
10.3,10.3,0.0,0.0,0.0,0.0,4,0.0
14.2,3.9,1.576,0.104,1.576,0.104,4,1.576
15.9,1.7,4.353,3.182,4.353,3.182,4,2.777
16.2,0.1,9.116,5.311,9.116,5.311,4,4.763
16.5,0.3,10.61,5.587,10.61,5.587,4,1.494
16.95,0.15,41.735,92.053,41.735,92.053,4,31.125
17.45,17.45,45.295,95.441,0.0,0.0,2,3.56
17.45,0.4,45.295,95.441,45.295,95.441,4,0.577
17.55,0.1,59.072,98.17,58.776,98.006,4,13.481
18.3,18.3,60.826,121.099,0.0,0.0,3,1.473
18.4,0.1,62.887,128.551,2.061,7.452,3,2.061
25.3,7.75,878.091,110832.822,60.249,98.23,4,7554.468
25.5,0.1,906.821,113430.332,63.392,98.558,4,3.143
31.5,6.0,1683.139,210216.736,72.719,107.033,4,9.327
33.2,1.55,1908.302,237049.711,78.769,116.162,4,6.05
34.3,1.05,2060.116,254892.201,87.956,124.892,4,9.187
38.75,4.45,2544.663,340912.005,108.039,125.202,4,20.083
38.95,0.1,2579.065,344812.068,116.759,126.322,4,8.72
40.35,1.35,2761.05,375908.129,128.82,135.607,4,12.061
43.75,3.4,3174.258,442006.26,130.396,135.711,4,1.576
44.0,0.1,3220.564,445435.333,148.33,145.738,4,17.934
44.3,0.3,3260.799,452353.289,152.64,146.1,4,4.31
51.4,7.1,4091.322,606304.955,152.692,146.306,4,0.052
54.25,2.85,4355.593,648509.067,154.28,146.788,4,1.588
55.3,1.0,4515.29,662953.853,173.993,147.098,4,19.713
56.6,1.3,4680.097,679439.37,175.569,147.202,4,1.576
57.8,1.1,4833.335,696533.874,183.164,147.702,4,7.595
65.6,7.7,5795.757,812628.601,195.298,156.867,4,12.134
65.75,0.15,5816.063,815314.937,198.297,157.401,4,2.999
65.85,0.1,5829.642,817027.178,199.76,157.625,4,1.463
69.3,3.45,6237.118,879184.877,205.965,157.987,4,6.205
69.5,0.2,6261.221,883274.157,208.964,158.521,4,2.999
70.3,0.75,6358.175,899216.491,217.995,166.996,4,9.031
70.8,0.5,6419.291,909187.813,219.571,167.1,4,1.576
70.9,0.1,6431.955,910868.291,221.107,167.41,4,1.536
74.3,3.4,6831.815,979301.909,225.828,175.523,4,4.721
74.55,0.25,6865.661,982199.103,225.88,175.523,4,0.052
75.05,0.5,6935.174,987404.016,230.549,175.575,4,4.669
77.9,2.75,7274.11,1034096.544,238.092,175.851,4,7.543
78.0,0.1,7289.753,1036317.306,241.091,176.385,4,2.999
78.2,0.1,7320.76,1039785.702,250.221,177.195,4,9.13
78.3,0.1,7332.57,1041423.002,251.683,177.419,4,1.462
80.65,2.35,7588.659,1078456.028,256.352,177.471,4,4.669
80.85,0.15,7611.213,1081632.232,259.351,178.005,4,2.999
84.45,0.25,7822.676,1135130.952,7556.529,1134929.802,3,6.219
84.65,0.2,7822.728,1135131.004,7556.581,1134929.854,3,0.052
84.95,0.2,7822.884,1135131.16,7556.737,1134930.01,3,0.156
84.95,4.05,7822.884,1135131.16,265.57,178.281,4,94.049
85.3,0.35,7861.686,1148729.247,274.576,178.539,4,9.006
85.5,0.2,7879.694,1158235.122,276.152,178.643,4,1.576
85.6,0.1,7889.97,1163391.746,279.151,179.177,4,2.999
85.7,0.1,7895.593,1166292.619,280.614,179.401,4,1.463
86.15,0.45,7921.721,1175869.279,285.37,179.453,4,4.756
86.65,0.4,7945.1,1182035.151,294.501,180.263,4,9.131
86.8,0.15,7948.863,1182265.523,297.5,180.797,4,2.999
90.55,3.7,7954.995,1182265.799,303.632,181.073,4,6.132
90.65,4.0,7980.947,1182334.715,7650.786,1182061.909,3,25.952
90.7,0.15,7980.999,1182334.715,329.584,249.937,4,0.052
90.9,0.1,8021.057,1182343.732,369.642,258.954,4,40.058
90.95,0.3,8040.839,1182410.73,7650.838,1182061.909,3,79.319
91.25,0.1,8100.428,1182444.582,448.961,359.752,4,0.052
92.4,1.15,8104.303,1182444.634,452.836,359.804,4,3.875
92.7,0.25,8145.055,1182515.69,493.588,430.86,4,40.752
93.2,0.4,8186.812,1182550.602,535.345,465.772,4,41.757
93.4,0.15,8218.203,1182576.734,566.736,491.904,4,31.391
93.75,0.1,8292.98,1182629.654,641.513,544.824,4,74.777
93.95,0.1,8317.048,1182630.758,665.581,545.928,4,24.068
95.25,0.45,8496.211,1182810.436,844.744,725.606,4,179.163
95.8,0.55,8536.755,1182883.43,885.288,798.6,4,40.544
95.9,0.1,8557.869,1182900.95,906.402,816.12,4,21.114
96.3,0.35,8578.775,1182918.47,927.308,833.64,4,20.906
96.85,0.4,8609.915,1182944.75,958.448,859.92,4,31.14
97.05,0.15,8620.382,1182953.51,968.915,868.68,4,10.467
97.2,0.1,8631.043,1182962.27,979.576,877.44,4,10.661
97.3,0.1,8632.507,1182962.494,981.04,877.664,4,1.464
97.75,0.3,8678.748,1182997.534,1027.281,912.704,4,46.241
97.9,0.1,8684.766,1182997.81,1033.299,912.98,4,6.018
98.05,0.1,8702.768,1182998.534,1051.301,913.704,4,18.002
98.5,0.4,8708.786,1182998.81,1057.319,913.98,4,6.018
98.7,0.1,8718.266,1183002.138,1066.799,917.308,4,9.48
99.25,0.5,8724.284,1183002.414,1072.817,917.584,4,6.018
99.45,0.1,8751.757,1183074.163,1100.29,989.333,4,27.473
99.55,0.1,8778.561,1183107.211,1127.094,1022.381,4,26.804
99.7,0.1,8798.664,1183131.997,1147.197,1047.167,4,20.103
100.0,0.15,8855.715,1183181.777,1204.248,1096.947,4,57.051
100.2,0.15,8871.954,1183181.985,1220.487,1097.155,4,16.239
100.3,0.1,8872.728,1183185.855,1221.261,1101.025,4,0.774
101.1,0.75,8903.29,1183258.973,1251.823,1174.143,4,30.562
101.2,0.1,8910.573,1183267.13,1259.106,1182.3,4,7.283
101.85,0.55,8932.422,1183291.601,1280.955,1206.771,4,21.849
102.1,0.2,8939.705,1183299.758,1288.238,1214.928,4,7.283
102.2,0.1,8946.988,1183307.915,1295.521,1223.085,4,7.283
102.85,0.65,8954.271,1183316.072,1302.804,1231.242,4,7.283
103.1,0.25,8961.554,1183324.229,1310.087,1239.399,4,7.283
103.3,0.2,8968.837,1183332.386,1317.37,1247.556,4,7.283
103.45,0.15,8984.223,1183348.7,1332.756,1263.87,4,15.386
103.6,0.15,8992.326,1183356.857,1340.859,1272.027,4,8.103
104.1,0.5,8999.609,1183365.014,1348.142,1280.184,4,7.283
104.5,0.25,9028.487,1183365.48,1377.02,1280.65,4,28.878
104.75,0.25,9032.944,1183365.532,1381.477,1280.702,4,4.457
105.7,0.95,9037.401,1183365.584,1385.934,1280.754,4,4.457
105.85,0.15,9041.858,1183365.636,1390.391,1280.806,4,4.457
106.35,0.5,9046.315,1183365.688,1394.848,1280.858,4,4.457
106.4,106.4,9073.252,1183428.968,0.0,0.0,0,26.937
106.4,106.4,9073.252,1183428.968,0.0,0.0,1,12.515
106.4,88.85,9073.252,1183428.968,0.577,22.869,2,7.908
106.4,106.4,9073.252,1183428.968,0.0,0.0,5,22.001
106.65,0.1,9118.352,1183468.796,7.908,5.631,1,11.642
106.65,0.3,9118.352,1183468.796,1421.785,1344.138,4,0.365
106.8,0.15,9168.437,1183554.992,8.273,8.122,1,52.869
107.05,0.25,9181.855,1183561.755,1474.654,1416.271,4,1.303
107.3,0.15,9212.367,1183594.383,1505.166,1448.899,4,30.512
107.4,0.1,9219.79,1183602.54,1512.589,1457.056,4,7.423
107.5,0.1,9227.213,1183610.697,1520.012,1465.213,4,7.423
107.7,0.2,9234.636,1183618.854,1527.435,1473.37,4,7.423
107.85,0.1,9264.328,1183651.482,1557.127,1505.998,4,29.692
107.95,0.1,9272.571,1183659.639,1565.37,1514.155,4,8.243
108.05,0.1,9284.591,1183667.9,1577.39,1522.416,4,12.02
108.35,0.2,9302.979,1183668.108,1595.778,1522.624,4,18.388
108.5,0.15,9307.576,1183668.16,1600.375,1522.676,4,4.597
108.85,0.3,9316.77,1183668.264,1609.569,1522.78,4,9.194
108.9,2.25,9343.603,1183730.808,12.515,12.388,0,123.049
108.9,2.05,9343.603,1183730.808,9.576,8.648,1,5.712
108.9,2.2,9343.603,1183730.808,22.578,50.16,2,5.074
108.9,2.25,9343.603,1183730.808,11.642,12.327,5,5.534
109.3,0.25,9469.267,1183864.213,1732.618,1670.757,4,13.128
109.45,0.15,9477.51,1183872.371,1740.861,1678.915,4,8.243
109.6,0.1,9500.818,1183896.845,1764.169,1703.389,4,23.308
109.75,0.15,9508.314,1183905.003,1771.665,1711.547,4,7.496
109.95,0.2,9523.16,1183921.319,1786.511,1727.863,4,14.846
110.5,0.2,9577.184,1183970.371,1840.535,1776.915,4,54.024
110.6,0.1,9586.378,1183970.475,1849.729,1777.019,4,9.194
110.8,0.2,9590.975,1183970.527,1854.326,1777.071,4,4.597
111.0,0.2,9600.169,1183970.631,1863.52,1777.175,4,9.194
111.15,0.15,9604.766,1183970.683,1868.117,1777.227,4,4.597
111.2,2.2,9605.024,1183971.985,18.227,26.404,0,89.991
111.2,2.15,9605.024,1183971.985,14.65,21.087,1,6.024
111.2,2.15,9605.024,1183971.985,28.112,52.573,2,4.802
111.25,2.2,9639.154,1184047.892,24.77,31.431,5,22.724
111.6,0.15,9743.968,1184155.522,1958.108,1894.095,4,15.661
111.9,0.2,9774.673,1184188.154,1988.813,1926.727,4,30.705
112.2,0.25,9796.942,1184212.628,2011.082,1951.201,4,22.269
112.35,0.1,9811.788,1184228.944,2025.928,1967.517,4,14.846
112.5,0.1,9834.057,1184253.418,2048.197,1991.991,4,22.269
112.6,0.1,9841.567,1184261.576,2055.707,2000.149,4,7.51
112.7,0.1,9850.761,1184261.68,2064.901,2000.253,4,9.194
112.9,0.15,9864.639,1184261.836,2078.779,2000.409,4,13.878
113.1,0.2,9869.323,1184261.888,2083.463,2000.461,4,4.684
113.45,0.3,9878.517,1184261.992,2092.657,2000.565,4,9.194
113.5,2.1,9887.008,1184321.661,24.251,40.538,0,122.829
113.5,2.15,9887.008,1184321.661,19.452,33.893,1,5.868
113.5,2.05,9887.008,1184321.661,50.836,74.872,2,5.53
113.5,2.1,9887.008,1184321.661,40.431,50.163,5,21.944
114.05,0.15,10055.395,1184499.052,2215.486,2168.259,4,20.707
114.15,0.1,10062.818,1184507.21,2222.909,2176.417,4,7.423
114.4,0.15,10098.18,1184523.836,2258.271,2193.043,4,35.362
114.55,0.1,10121.269,1184548.31,2281.36,2217.517,4,23.089
114.8,0.15,10143.538,1184572.784,2303.629,2241.991,4,22.269
114.9,0.1,10148.208,1184572.836,2308.299,2242.043,4,4.67
115.0,0.1,10152.878,1184572.888,2312.969,2242.095,4,4.67
115.1,0.1,10162.218,1184572.992,2322.309,2242.199,4,9.34
115.3,0.15,10171.558,1184573.096,2331.649,2242.303,4,9.34
115.6,1.95,10182.474,1184573.304,30.119,54.256,0,10.916
115.6,1.95,10182.474,1184573.304,24.982,46.751,1,5.816
115.6,1.85,10182.474,1184573.304,72.78,96.339,2,1.878
115.6,0.25,10182.474,1184573.304,2342.565,2242.511,4,11.783
115.6,1.9,10182.474,1184573.304,61.138,71.486,5,114.886
115.75,0.1,10268.34,1184707.053,26.86,51.037,1,22.428
115.95,0.15,10343.125,1184769.987,2457.451,2374.293,4,3.86
116.15,0.15,10372.904,1184802.619,2487.23,2406.925,4,29.779
116.3,0.1,10387.663,1184818.935,2501.989,2423.241,4,14.759
116.45,0.15,10395.086,1184827.093,2509.412,2431.399,4,7.423
116.65,0.1,10417.355,1184851.567,2531.681,2455.873,4,22.269
116.8,0.1,10440.446,1184876.041,2554.772,2480.347,4,23.091
116.9,0.1,10445.043,1184876.093,2559.369,2480.399,4,4.597
117.05,0.15,10458.834,1184876.249,2573.16,2480.555,4,13.791
117.15,0.1,10463.431,1184876.301,2577.757,2480.607,4,4.597
117.3,0.15,10468.028,1184876.353,2582.354,2480.659,4,4.597
117.4,0.1,10472.712,1184876.405,2587.038,2480.711,4,4.684
117.85,2.05,10477.309,1184876.457,30.72,59.609,1,4.597
117.85,2.0,10477.309,1184876.457,84.563,114.747,2,5.114
117.85,0.45,10477.309,1184876.457,2591.635,2480.763,4,22.204
117.85,2.05,10477.309,1184876.457,83.566,91.507,5,146.694
117.95,2.2,10548.159,1184996.47,35.935,67.87,0,21.331
118.2,0.1,10679.144,1185091.301,2738.329,2626.865,4,6.492
118.45,0.15,10710.476,1185123.933,2769.661,2659.497,4,31.332
118.75,0.2,10732.78,1185148.407,2791.965,2683.971,4,22.304
118.95,0.2,10747.626,1185164.723,2806.811,2700.287,4,14.846
119.2,0.1,10781.915,1185197.407,2841.1,2732.971,4,34.289
119.55,0.15,10805.074,1185197.667,2864.259,2733.231,4,23.159
119.7,0.15,10809.671,1185197.719,2868.856,2733.283,4,4.597
120.1,2.0,10814.268,1185197.771,42.427,82.16,0,4.597
120.1,2.0,10814.268,1185197.771,106.767,135.538,2,5.088
120.1,0.4,10814.268,1185197.771,2873.453,2733.335,4,21.58
120.1,2.0,10814.268,1185197.771,104.897,112.466,5,151.794
120.15,2.15,10849.27,1185275.443,35.834,72.311,1,19.511
120.5,0.2,11016.939,1185456.434,3025.247,2929.08,4,4.698
120.75,0.2,11047.538,1185489.066,3055.846,2961.712,4,30.599
121.05,0.25,11069.894,1185513.54,3078.202,2986.186,4,22.356
121.25,0.2,11077.317,1185521.698,3085.625,2994.344,4,7.423
121.6,0.2,11115.617,1185562.488,3123.925,3035.134,4,38.3
121.9,0.2,11134.078,1185562.696,3142.386,3035.342,4,18.461
122.0,0.1,11143.418,1185562.8,3151.726,3035.446,4,9.34
122.1,0.1,11148.015,1185562.852,3156.323,3035.498,4,4.597
122.3,2.0,11152.612,1185562.904,40.532,83.453,1,4.597
122.3,2.0,11152.612,1185562.904,128.347,156.173,2,3.132
122.3,0.2,11152.612,1185562.904,3160.92,3035.55,4,11.366
122.3,2.0,11152.612,1185562.904,124.408,131.449,5,142.326
122.35,2.05,11194.317,1185628.91,47.515,94.318,0,23.417
122.45,0.1,11250.067,1185703.523,43.664,91.037,1,5.452
122.6,31.65,11340.339,1185841.94,7650.89,1182061.961,3,2.034
122.7,0.1,11343.604,1185843.592,7654.155,1182063.613,3,3.265
122.8,0.1,11347.2,1185846.9,7657.751,1182066.921,3,3.596
122.9,0.1,11349.36,1185847.772,7659.911,1182067.793,3,2.16
130.3,7.8,60268.65,1186839.331,3303.246,3250.368,4,364819.317
135.7,5.4,96012.5,1187571.793,3304.822,3250.472,4,1.576
140.6,4.9,129077.468,1188239.085,3308.888,3250.524,4,4.066
141.45,0.85,134701.727,1188363.32,3315.78,3258.382,4,6.892
145.4,3.95,161751.396,1188905.167,3320.016,3258.606,4,4.236
154.15,8.75,220709.623,1190078.488,3321.592,3258.71,4,1.576
154.35,0.2,222035.195,1190104.951,3323.054,3258.934,4,1.462
156.5,2.15,236387.332,1190396.251,3343.085,3259.038,4,20.031
160.3,3.8,261818.7,1190902.884,3345.859,3259.09,4,2.774
170.85,10.55,336201.309,1192323.359,3347.435,3259.194,4,1.576
175.65,4.8,369323.727,1192990.079,3354.327,3267.052,4,6.892
176.75,0.1,376221.22,1193133.183,372479.228,1189336.296,3,1.462
184.95,9.3,436391.912,1194216.585,3355.789,3267.328,4,172622.016
189.15,4.15,471711.877,1194802.099,3361.317,3267.604,4,5.528
191.9,2.75,494622.945,1195191.851,3365.383,3267.656,4,4.066
192.05,0.15,495574.174,1195211.138,3365.435,3267.656,4,0.052
194.3,2.25,513567.875,1195520.983,3369.501,3267.708,4,4.066
196.0,1.7,542515.975,1195796.993,3376.376,3267.966,4,6.875
196.4,0.1,548869.351,1195832.619,545101.244,1192034.766,3,5.528
196.4,0.35,548869.351,1195832.619,3381.904,3268.242,4,1.123
197.35,0.95,548876.002,1195833.486,3387.432,3268.518,4,5.528
197.55,0.2,548904.73,1195900.256,3416.16,3335.288,4,28.728
197.75,0.1,548932.168,1195931.636,3443.598,3366.668,4,27.438
197.85,0.1,548938.823,1195939.481,3450.253,3374.513,4,6.655
198.0,0.15,548952.133,1195955.171,3463.563,3390.203,4,13.31
198.15,0.1,548966.261,1195970.861,3477.691,3405.893,4,14.128
198.35,0.1,549004.598,1196019.021,3516.028,3454.053,4,38.337
198.55,0.1,549023.743,1196019.281,3535.173,3454.313,4,19.145
198.75,0.2,549027.572,1196019.333,3539.002,3454.365,4,3.829
199.25,76.75,549035.23,1196019.437,52.967,107.88,0,7.658
199.25,76.8,549035.23,1196019.437,45.698,95.271,1,0.052
199.25,76.75,549035.23,1196019.437,139.713,173.794,2,0.156
199.25,2.8,549035.23,1196019.437,545102.367,1192035.357,3,0.156
199.25,0.5,549035.23,1196019.437,3546.66,3454.469,4,0.104
199.25,76.75,549035.23,1196019.437,147.825,152.666,5,0.312
0.0,0.0,0.0,0.0,0.0,0.0,0,0.156
