time,dens10,total_network_out,total_network_in,dest_out_traffic,dest_in_traffic,destination,size
9.3,9.3,0.0,0.0,0.0,0.0,4,0.0
14.45,5.15,1.576,0.104,1.576,0.104,4,1.576
16.15,1.7,4.353,3.182,4.353,3.182,4,2.777
16.5,0.1,9.116,5.311,9.116,5.311,4,4.763
16.8,0.3,10.61,5.587,10.61,5.587,4,1.494
17.3,0.15,41.631,92.003,41.631,92.003,4,31.021
17.3,17.3,41.631,92.003,0.0,0.0,6,1.557
17.4,0.1,43.713,95.197,43.188,92.452,4,0.525
17.75,0.35,45.186,95.421,44.661,92.676,4,1.473
17.75,17.75,45.186,95.421,0.0,0.0,5,13.533
17.85,0.1,59.192,98.474,58.194,95.375,4,0.577
18.65,18.65,60.769,121.213,0.0,0.0,3,1.473
22.7,4.85,458.134,60266.574,59.667,95.599,4,5906.961
22.8,0.1,469.945,62096.677,61.13,95.823,4,1.463
24.35,1.55,655.906,88917.017,70.196,96.237,4,9.066
25.95,1.6,838.234,115175.278,71.772,96.341,4,1.576
26.95,0.9,957.525,132513.192,83.75,105.178,4,11.978
28.55,1.55,1153.838,160686.106,97.295,114.567,4,13.545
33.0,4.35,1690.206,230324.303,127.978,123.662,4,30.683
38.65,5.55,2256.135,323339.409,141.523,132.999,4,13.545
42.5,3.85,2684.335,391428.621,161.712,133.309,4,20.189
42.65,0.15,2702.802,394358.211,164.711,133.843,4,2.999
42.75,0.1,2715.133,396055.711,166.174,134.067,4,1.463
45.25,2.5,2999.839,436747.735,173.721,142.594,4,7.547
45.45,0.2,3025.987,439681.079,176.72,143.128,4,2.999
45.55,0.1,3038.578,441004.527,178.183,143.352,4,1.463
46.7,1.15,3176.935,463477.034,187.318,152.035,4,9.135
47.9,1.1,3315.179,485012.585,196.553,161.164,4,9.235
48.05,0.1,3339.702,486716.684,208.385,169.863,4,11.832
48.65,0.6,3403.051,498252.446,209.921,170.173,4,1.536
54.35,5.7,3937.052,602214.069,230.11,170.483,4,20.189
57.65,3.3,4303.512,652690.738,231.686,170.587,4,1.576
57.85,0.2,4321.109,655303.758,233.097,170.639,4,1.411
58.65,0.8,4410.296,664147.831,234.56,170.863,4,1.463
64.25,5.6,5032.835,744661.795,252.618,171.173,4,18.058
64.35,0.1,5045.062,746582.963,254.081,171.397,4,1.463
68.3,3.95,5467.291,823193.724,258.75,171.449,4,4.669
68.45,0.15,5485.346,825249.11,260.213,171.759,4,1.463
68.65,0.15,5513.63,828193.878,266.345,172.035,4,6.132
69.35,0.7,5609.222,839210.704,280.141,172.293,4,13.796
71.15,1.8,5803.562,876477.146,281.717,172.397,4,1.576
71.3,0.15,5822.224,879749.733,283.18,172.621,4,1.463
71.45,0.15,5836.895,883408.341,284.643,172.845,4,1.463
72.6,1.15,5948.999,913358.754,289.627,172.897,4,4.984
72.75,0.15,5965.631,916178.929,292.626,173.431,4,2.999
72.85,0.1,5974.374,917543.529,294.089,173.655,4,1.463
74.25,1.4,6088.347,950017.493,298.758,173.707,4,4.669
74.45,0.15,6103.535,954167.296,301.757,174.241,4,2.999
74.55,0.1,6111.082,956209.341,303.22,174.465,4,1.463
75.65,1.1,6196.611,1000156.774,307.889,174.517,4,4.669
76.0,0.35,6213.335,1011783.789,310.888,175.051,4,2.999
76.1,0.1,6216.566,1012985.863,312.351,175.275,4,1.463
76.5,0.2,6225.083,1015376.203,5906.961,1015175.262,3,4.669
76.95,0.45,6225.135,1015376.255,5907.013,1015175.314,3,0.052
77.8,0.85,6225.187,1015376.307,5907.065,1015175.366,3,0.052
78.5,2.4,6247.076,1028937.08,317.02,175.327,4,22.521
78.6,0.1,6250.707,1029088.072,320.019,175.861,4,2.999
78.75,0.1,6261.923,1029088.606,331.235,176.395,4,11.216
79.0,0.25,6286.129,1029154.417,355.441,242.206,4,24.206
79.7,0.35,6382.577,1029234.018,451.889,321.807,4,96.448
79.95,0.2,6423.277,1029305.032,492.589,392.821,4,40.7
80.1,0.1,6464.948,1029339.84,534.26,427.629,4,41.671
80.5,0.35,6475.327,1029348.568,544.639,436.357,4,10.379
80.85,0.15,6536.408,1029384.376,605.72,472.165,4,61.081
80.95,0.1,6547.125,1029384.704,616.437,472.493,4,10.717
81.15,0.15,6553.215,1029384.98,622.527,472.769,4,6.09
82.05,0.75,6565.395,1029385.532,634.707,473.321,4,12.18
82.2,0.1,6592.868,1029456.981,662.18,544.77,4,27.473
82.45,0.15,6627.365,1029498.079,696.677,585.868,4,34.497
82.8,0.1,6682.447,1029531.363,751.759,619.152,4,55.082
83.85,1.05,6686.322,1029531.415,755.634,619.204,4,3.875
84.1,0.2,6726.814,1029604.105,796.126,691.894,4,40.492
84.3,0.15,6768.334,1029639.093,837.646,726.882,4,41.52
85.05,0.7,6780.29,1029647.957,849.602,735.746,4,11.956
85.2,0.1,6790.67,1029656.717,859.982,744.506,4,10.38
85.35,0.1,6801.257,1029665.477,870.569,753.266,4,10.587
85.45,0.1,6802.721,1029665.701,872.033,753.49,4,1.464
86.0,0.3,6852.314,1029684.377,921.626,772.166,4,49.593
86.1,0.1,6853.778,1029684.601,923.09,772.39,4,1.464
86.4,0.3,6858.405,1029684.653,927.717,772.442,4,4.627
86.7,0.25,6864.496,1029684.929,933.808,772.718,4,6.091
87.15,0.2,6931.687,1029798.108,1000.999,885.897,4,67.191
87.45,0.15,6983.537,1029831.468,1052.849,919.257,4,51.85
87.65,0.1,6992.009,1029835.39,1061.321,923.179,4,8.472
87.7,87.7,7024.367,1029910.04,0.0,0.0,0,35.754
87.7,87.7,7024.367,1029910.04,0.0,0.0,1,3.835
87.7,69.85,7024.367,1029910.04,0.577,22.869,5,3.835
87.7,70.35,7024.367,1029910.04,0.525,2.745,6,3.835
88.15,0.45,7043.103,1029916.506,1097.075,1002.195,4,3.835
88.5,0.3,7073.066,1029949.186,1127.038,1034.875,4,29.963
90.3,1.7,7100.426,1029957.653,1154.398,1043.342,4,27.36
90.4,0.1,7107.703,1029965.81,1161.675,1051.499,4,7.277
90.6,0.15,7123.077,1029982.124,1177.049,1067.813,4,15.374
90.9,0.2,7139.256,1029990.385,1193.228,1076.074,4,16.179
91.0,0.1,7143.707,1029990.437,1197.679,1076.126,4,4.451
92.45,1.4,7157.06,1029990.593,1211.032,1076.282,4,13.353
92.85,0.4,7161.511,1029990.645,1215.483,1076.334,4,4.451
92.95,5.2,7192.743,1030053.849,3.835,0.525,0,82.282
93.4,0.4,7310.373,1030127.983,1297.765,1155.104,4,76.034
93.7,0.15,7350.317,1030205.931,1328.255,1225.801,4,30.49
93.85,0.1,7380.753,1030238.559,1358.691,1258.429,4,30.436
94.45,0.6,7388.17,1030246.716,1366.108,1266.586,4,7.417
94.55,0.1,7395.587,1030254.873,1373.525,1274.743,4,7.417
95.25,0.45,7446.802,1030279.656,1424.74,1299.526,4,51.215
95.35,0.1,7451.553,1030279.708,1429.491,1299.578,4,4.751
95.4,2.0,7456.231,1030279.76,79.869,66.344,0,185.426
95.65,0.1,7662.642,1030515.755,1614.917,1525.738,4,25.663
95.8,0.1,7693.13,1030548.387,1645.405,1558.37,4,30.488
96.35,0.5,7700.547,1030556.545,1652.822,1566.528,4,7.417
96.45,0.1,7716.201,1030572.861,1668.476,1582.844,4,15.654
97.1,0.4,7758.581,1030589.489,1710.856,1599.472,4,42.38
97.25,0.15,7763.172,1030589.541,1715.447,1599.524,4,4.591
97.35,1.85,7794.544,1030652.306,105.532,76.231,0,163.833
97.55,0.1,7962.398,1030831.375,1879.28,1825.918,4,35.393
97.75,0.1,8005.871,1030885.987,1922.753,1880.53,4,43.473
98.4,0.65,8013.288,1030894.145,1930.17,1888.688,4,7.417
98.55,0.1,8035.626,1030918.619,1952.508,1913.162,4,22.338
98.75,0.1,8081.781,1030927.295,1998.663,1921.838,4,46.155
99.15,0.4,8086.372,1030927.347,2003.254,1921.89,4,4.591
99.25,0.1,8090.963,1030927.399,2007.845,1921.942,4,4.591
99.3,1.85,8098.536,1030987.071,140.925,91.671,0,135.819
99.55,0.1,8261.244,1031076.657,2143.664,2055.489,4,34.462
99.7,0.1,8290.912,1031109.289,2173.332,2088.121,4,29.668
100.3,0.6,8298.329,1031117.447,2180.749,2096.279,4,7.417
100.5,0.2,8305.833,1031125.605,2188.253,2104.437,4,7.504
101.1,0.35,8357.432,1031150.599,2239.852,2129.431,4,51.599
101.25,1.8,8362.096,1031150.651,175.387,107.382,0,4.664
101.25,0.15,8362.096,1031150.651,2244.516,2129.483,4,24.532
101.5,0.1,8542.551,1031357.595,2400.439,2325.443,4,155.923
101.65,0.1,8573.039,1031390.227,2430.927,2358.075,4,30.488
102.15,0.5,8580.456,1031398.385,2438.344,2366.233,4,7.417
102.3,0.1,8610.944,1031431.017,2468.832,2398.865,4,30.488
102.8,0.3,8638.49,1031431.329,2496.378,2399.177,4,27.546
103.05,0.2,8647.759,1031431.433,2505.647,2399.281,4,9.269
103.1,1.75,8647.967,1031490.948,199.919,118.366,0,158.717
103.3,0.1,8837.752,1031608.899,2664.364,2562.555,4,31.276
103.95,0.55,8874.837,1031649.689,2701.449,2603.345,4,37.085
104.05,0.1,8883.18,1031657.847,2709.792,2611.503,4,8.343
104.65,0.35,8932.977,1031682.633,2759.589,2636.289,4,49.797
104.8,0.15,8937.568,1031682.685,2764.18,2636.341,4,4.591
104.95,0.15,8942.159,1031682.737,2768.771,2636.393,4,4.591
105.0,1.8,8963.025,1031750.829,231.195,132.558,0,199.104
105.2,0.1,9173.734,1031951.239,2967.875,2891.089,4,32.471
105.35,0.1,9204.222,1031983.871,2998.363,2923.721,4,30.488
105.8,0.45,9211.639,1031992.029,3005.78,2931.879,4,7.417
105.9,0.1,9219.876,1032000.187,3014.017,2940.037,4,8.237
106.1,0.1,9242.127,1032024.661,3036.268,2964.511,4,22.251
106.25,0.1,9260.491,1032024.869,3054.632,2964.719,4,18.364
106.6,0.3,9269.746,1032024.973,3063.887,2964.823,4,9.255
106.8,0.2,9274.41,1032025.025,3068.551,2964.875,4,4.664
106.85,1.75,9279.074,1032025.077,263.666,146.364,0,144.303
107.1,28.6,9452.969,1032245.782,5929.586,1028886.597,3,34.256
107.25,0.1,9456.13,1032247.33,5932.747,1028888.145,3,3.161
107.4,0.1,9459.934,1032250.742,5936.551,1028891.557,3,3.804
107.5,0.1,9462.094,1032251.614,5938.711,1028892.429,3,2.16
108.7,1.65,16884.863,1032379.316,3212.854,3172.012,4,23938.481
110.85,2.15,31187.874,1032651.832,3212.906,3172.218,4,0.052
111.35,0.1,33400.679,1032702.09,29877.192,1029342.527,3,0.052
111.7,0.85,35636.445,1032745.923,3212.958,3172.39,4,181881.546
114.05,2.35,51467.251,1033047.611,3213.031,3172.39,4,0.073
114.35,0.3,53506.518,1033094.531,3222.202,3180.472,4,9.171
118.6,4.25,81807.534,1033636.216,3223.778,3180.576,4,1.576
118.7,0.1,82492.505,1033649.278,3223.83,3180.675,4,0.052
137.2,18.5,199450.759,1035946.554,3223.882,3180.881,4,0.052
139.8,0.1,215293.253,1036254.344,211758.738,1032886.238,3,0.104
144.3,7.1,243152.041,1036803.517,3223.986,3180.933,4,193028.528
149.05,61.3,273330.864,1037393.887,4.36,3.27,6,1.576
150.5,6.2,321918.8,1037624.983,3225.562,3181.037,4,43602.122
153.3,2.8,340794.549,1037981.417,3227.024,3181.261,4,1.462
160.7,7.4,390349.709,1038901.056,3231.014,3181.313,4,3.99
161.6,0.9,396942.95,1039012.879,3235.08,3181.365,4,4.066
163.85,2.25,415523.117,1039307.416,3239.146,3181.417,4,4.066
167.25,3.4,451750.945,1039810.531,3243.212,3181.469,4,4.066
167.35,0.1,451948.744,1039814.595,404787.266,1036324.829,3,5.615
168.6,1.3,451948.796,1039814.595,3248.827,3181.745,4,0.052
169.45,62.45,451950.402,1039814.853,297.922,159.984,0,1.606
169.45,0.85,451950.402,1039814.853,3250.433,3182.003,4,0.362
169.45,19.6,451950.402,1039814.853,43606.482,124.118,6,27.994
169.55,0.1,451979.12,1039881.63,3278.427,3244.995,4,0.362
169.7,0.1,452007.376,1039913.01,3306.683,3276.375,4,28.256
170.05,0.35,452014.031,1039920.855,3313.338,3284.22,4,6.655
170.15,0.1,452020.686,1039928.7,3319.993,3292.065,4,6.655
170.55,0.2,452063.625,1039952.547,3362.932,3315.912,4,42.939
170.75,0.15,452067.454,1039952.599,3366.761,3315.964,4,3.829
170.8,1.35,452071.283,1039952.651,298.284,162.614,0,4.089
170.8,83.05,452071.283,1039952.651,3.835,0.525,1,0.156
170.8,83.05,452071.283,1039952.651,4.412,23.394,5,0.104
170.8,1.35,452071.283,1039952.651,43606.844,125.273,6,0.208
170.85,3.5,452072.115,1039957.306,404787.318,1036324.829,3,0.156
0.0,0.0,0.0,0.0,0.0,0.0,0,0.104
