time,dens10,total_network_out,total_network_in,dest_out_traffic,dest_in_traffic,destination,size
4.15,4.15,0.0,0.0,0.0,0.0,4,0.0
14.45,10.3,1.576,0.104,1.576,0.104,4,1.576
16.2,1.75,4.353,3.182,4.353,3.182,4,2.777
16.55,0.15,9.116,5.311,9.116,5.311,4,4.763
16.8,0.25,10.61,5.535,10.61,5.535,4,1.494
17.3,0.15,41.735,92.001,41.735,92.001,4,31.125
17.7,17.7,46.727,95.349,0.0,0.0,0,4.992
17.8,0.4,47.081,95.822,46.727,95.349,4,2.745
18.6,18.6,64.844,121.368,0.0,0.0,3,15.372
18.7,0.1,66.905,128.82,2.061,7.452,3,2.061
19.15,1.35,81.585,4255.753,62.099,120.843,4,6802.744
24.5,5.35,580.593,136540.392,63.675,120.947,4,1.576
24.7,0.2,601.317,141439.194,65.263,121.429,4,1.588
28.7,3.95,945.184,219469.487,73.054,121.791,4,7.791
34.2,5.5,1558.639,327446.861,93.137,122.101,4,20.083
36.65,2.45,1823.491,373602.145,94.713,122.205,4,1.576
36.8,0.15,1841.434,376341.278,94.765,122.377,4,0.052
36.9,0.1,1853.505,378002.942,96.228,122.601,4,1.463
37.0,0.1,1873.985,379752.483,105.52,131.099,4,9.292
37.6,0.4,1967.04,390390.305,131.043,149.341,4,25.523
37.75,0.15,1985.685,392806.302,133.989,149.776,4,2.946
38.6,0.75,2090.449,405849.958,144.482,158.475,4,10.493
45.7,7.1,2939.354,507572.242,164.143,158.579,4,19.661
46.0,0.3,2955.214,511991.628,164.195,158.751,4,0.052
46.35,0.3,3004.943,517787.265,173.226,167.226,4,9.031
46.5,0.1,3026.054,519690.005,176.173,167.502,4,2.947
48.65,2.15,3289.828,549016.976,185.204,175.977,4,9.031
49.15,0.5,3369.913,556346.474,204.917,176.287,4,19.713
54.3,5.1,3852.849,625176.185,206.493,176.391,4,1.576
54.45,0.15,3873.376,626950.285,209.492,176.925,4,2.999
54.55,0.1,3886.747,628176.569,210.955,177.149,4,1.463
55.3,0.75,3979.66,637833.512,215.317,185.572,4,4.362
55.45,0.15,3997.6,639637.172,215.369,185.796,4,0.052
64.15,8.65,5039.397,761521.957,225.967,194.703,4,10.598
64.85,0.7,5095.001,771105.526,227.543,194.807,4,1.576
68.6,3.65,5557.449,826456.187,239.573,203.816,4,12.03
69.65,1.05,5681.573,840747.813,239.625,204.022,4,0.052
73.45,3.65,6128.707,895772.659,248.704,204.608,4,9.079
73.65,0.2,6155.282,898757.353,251.703,205.142,4,2.999
75.5,1.85,6370.756,928782.608,253.093,205.366,4,1.39
75.65,0.15,6389.847,930662.336,254.556,205.59,4,1.463
78.6,2.95,6713.068,973793.287,259.225,205.642,4,4.669
79.15,0.55,6791.596,981674.471,272.545,205.9,4,13.32
81.5,2.35,7038.04,1042218.039,274.121,206.004,4,1.576
81.7,0.2,7061.426,1047342.461,277.12,206.538,4,2.999
83.15,0.1,7090.802,1065488.249,6804.805,1065280.91,3,6.132
84.55,2.85,7231.462,1101349.793,283.252,206.814,4,398.456
84.75,0.15,7255.712,1107082.747,286.251,207.348,4,2.999
84.85,0.1,7266.847,1109933.635,287.714,207.572,4,1.463
86.45,1.6,7407.652,1165044.065,292.383,207.624,4,4.669
86.75,0.25,7430.066,1176348.212,295.382,208.158,4,2.999
86.85,0.1,7436.573,1179184.785,296.845,208.382,4,1.463
87.1,0.2,7451.884,1183708.87,304.513,208.968,4,7.668
87.3,0.2,7458.391,1187196.877,305.976,209.192,4,1.463
88.6,1.3,7506.168,1217803.575,310.645,209.244,4,4.669
88.95,0.35,7520.064,1223406.604,315.389,209.502,4,4.744
89.05,0.1,7524.394,1223729.84,318.388,210.036,4,2.999
90.2,1.05,7530.526,1223730.116,324.52,210.312,4,6.132
90.25,90.25,7556.27,1223798.876,0.0,0.0,1,25.744
90.35,0.15,7559.325,1223799.401,350.264,279.072,4,3.055
90.95,0.3,7659.5,1223882.587,450.439,362.258,4,100.175
91.3,0.3,7661.231,1223884.113,452.17,363.784,4,1.731
91.55,0.25,7701.983,1223955.117,492.922,434.788,4,40.752
91.85,0.2,7743.705,1223990.029,534.644,469.7,4,41.722
92.05,0.15,7764.463,1224007.485,555.402,487.156,4,20.758
92.45,0.3,7806.081,1224042.397,597.02,522.068,4,41.618
92.9,0.2,7842.413,1224043.897,633.352,523.568,4,36.332
94.15,1.2,7854.68,1224044.449,645.619,524.12,4,12.267
95.0,0.85,7856.256,1224044.553,647.195,524.224,4,1.576
95.25,0.15,7883.885,1224115.959,674.824,595.63,4,27.629
95.4,0.1,7911.681,1224148.879,702.62,628.55,4,27.796
96.2,0.4,7983.328,1224198.675,774.267,678.346,4,71.647
96.55,0.35,8023.924,1224271.295,814.863,750.966,4,40.596
97.0,0.25,8065.443,1224306.283,856.382,785.954,4,41.519
97.2,0.2,8075.91,1224315.043,866.849,794.714,4,10.467
97.5,0.25,8086.29,1224323.803,877.229,803.474,4,10.38
97.65,0.1,8096.67,1224332.563,887.609,812.234,4,10.38
98.05,0.1,8140.259,1224359.395,931.198,839.066,4,43.589
98.2,0.15,8146.277,1224359.671,937.216,839.342,4,6.018
98.3,0.1,8152.295,1224359.947,943.234,839.618,4,6.018
98.6,0.1,8164.331,1224360.499,955.27,840.17,4,12.036
98.9,0.3,8171.206,1224360.757,962.145,840.428,4,6.875
99.15,0.15,8178.688,1224361.257,969.627,840.928,4,7.482
100.45,1.3,8183.315,1224361.309,974.254,840.98,4,4.627
100.65,0.15,8213.938,1224435.95,1004.877,915.621,4,30.623
100.75,0.1,8240.777,1224468.998,1031.716,948.669,4,26.839
100.85,0.1,8254.179,1224485.522,1045.118,965.193,4,13.402
101.0,0.1,8286.119,1224518.622,1077.058,998.293,4,31.94
101.1,0.1,8297.744,1224518.778,1088.683,998.449,4,11.625
101.65,0.5,8313.508,1224518.986,1104.447,998.657,4,15.764
101.75,0.1,8314.23,1224522.804,1105.169,1002.475,4,0.722
101.8,101.8,8314.451,1224586.706,0.0,0.0,6,26.572
101.85,84.05,8339.771,1224591.386,2.745,0.525,0,0.526
101.95,0.1,8341.624,1224592.029,1131.741,1067.737,4,0.525
102.8,0.85,8343.326,1224595.728,1133.214,1067.961,4,1.473
103.45,0.55,8372.45,1224628.356,1162.338,1100.589,4,29.124
103.6,0.15,8379.731,1224636.513,1169.619,1108.746,4,7.281
104.65,1.05,8387.012,1224644.67,1176.9,1116.903,4,7.281
104.85,0.2,8394.293,1224652.827,1184.181,1125.06,4,7.281
105.25,0.35,8417.062,1224677.298,1206.95,1149.531,4,22.769
105.4,0.15,8421.517,1224677.35,1211.405,1149.583,4,4.455
105.5,0.1,8425.972,1224677.402,1215.86,1149.635,4,4.455
105.75,0.25,8430.427,1224677.454,1220.315,1149.687,4,4.455
105.9,0.15,8439.337,1224677.558,1229.225,1149.791,4,8.91
106.95,1.05,8443.879,1224677.61,1233.767,1149.843,4,4.542
107.05,0.1,8448.334,1224677.662,1238.222,1149.895,4,4.455
108.6,1.55,8452.789,1224677.714,1242.677,1149.947,4,4.455
109.15,0.55,8454.395,1224677.972,1244.283,1150.205,4,1.606
109.7,0.55,8455.971,1224678.076,1245.859,1150.309,4,1.576
109.75,7.95,8481.457,1224740.693,0.526,3.799,6,252.813
109.8,7.85,8482.916,1224741.538,3.27,4.237,0,3.465
110.25,0.35,8724.554,1224978.921,3.991,9.375,6,12.305
110.3,0.35,8724.744,1224979.736,15.575,16.663,0,21.55
110.55,0.65,8767.206,1225014.893,1498.672,1433.079,4,21.102
110.65,20.35,8768.937,1225016.419,3.055,0.525,1,1.731
110.65,0.1,8768.937,1225016.419,1500.403,1434.605,4,4.729
110.95,0.3,8802.498,1225087.32,1529.235,1504.782,4,28.832
111.15,0.15,8833.037,1225119.948,1559.774,1537.41,4,30.539
111.45,0.25,8847.879,1225136.262,1574.616,1553.724,4,14.842
111.55,0.1,8855.3,1225144.419,1582.037,1561.881,4,7.421
111.7,0.15,8878.47,1225168.89,1605.207,1586.352,4,23.17
111.8,0.1,8883.065,1225168.942,1609.802,1586.404,4,4.595
111.95,0.15,8901.532,1225169.15,1628.269,1586.612,4,18.467
112.25,0.3,8906.127,1225169.202,1632.864,1586.664,4,4.595
113.15,0.85,8915.463,1225169.306,1642.2,1586.768,4,9.336
113.2,2.75,8942.192,1225232.009,25.541,26.603,6,223.584
113.25,2.75,8999.253,1225288.974,36.677,35.407,0,18.794
113.35,113.35,9138.678,1225420.14,0.0,0.0,2,9.513
113.6,0.25,9172.194,1225491.16,1865.784,1896.062,4,4.84
113.8,0.15,9202.804,1225523.792,1896.394,1928.694,4,30.61
114.15,0.3,9217.646,1225540.108,1911.236,1945.01,4,14.842
114.4,0.15,9247.33,1225572.74,1940.92,1977.642,4,29.684
114.55,0.1,9265.71,1225572.948,1959.3,1977.85,4,18.38
114.9,0.35,9274.9,1225573.052,1968.49,1977.954,4,9.19
115.2,0.3,9284.09,1225573.156,1977.68,1978.058,4,9.19
116.15,0.95,9284.348,1225574.422,1977.938,1979.324,4,0.258
116.25,0.1,9286.079,1225575.948,1979.669,1980.85,4,1.731
117.25,3.95,9296.476,1225592.6,46.19,40.111,0,10.397
117.25,0.85,9296.476,1225592.6,1990.066,1997.502,4,17.528
117.3,4.0,9323.33,1225656.167,44.335,33.571,6,239.263
117.5,6.8,9567.193,1225921.44,7.784,1.249,1,13.926
117.7,0.25,9568.211,1225921.802,2229.329,2313.704,4,1.018
118.0,0.25,9599.622,1225954.434,2260.74,2346.336,4,31.411
118.15,0.1,9614.464,1225970.75,2275.582,2362.652,4,14.842
118.3,0.15,9629.306,1225987.066,2290.424,2378.968,4,14.842
118.6,0.25,9648.743,1226003.434,2309.861,2395.336,4,19.437
118.85,0.25,9680.501,1226003.848,2341.619,2395.75,4,31.758
119.1,0.15,9694.286,1226004.004,2355.404,2395.906,4,13.785
119.8,0.7,9698.881,1226004.056,2359.999,2395.958,4,4.595
119.85,2.45,9698.933,1226026.563,63.718,47.563,0,236.466
119.85,2.5,9698.933,1226026.563,58.261,38.757,6,13.864
120.05,2.55,9961.538,1226308.098,8.802,1.611,1,13.978
120.1,6.65,9964.205,1226309.7,4.84,0.888,2,1.016
120.25,0.2,9965.221,1226310.062,2596.465,2688.76,4,1.016
120.55,0.2,9995.918,1226342.694,2627.162,2721.392,4,30.697
120.9,0.3,10010.847,1226359.01,2642.091,2737.708,4,14.929
121.2,0.1,10054.212,1226391.798,2685.456,2770.496,4,43.365
121.6,0.3,10067.997,1226391.954,2699.241,2770.652,4,13.785
122.65,2.6,10077.274,1226392.058,77.582,54.389,0,9.277
122.65,1.0,10077.274,1226392.058,2708.518,2770.756,4,10.449
122.7,2.75,10104.874,1226456.51,72.239,44.411,6,289.268
122.85,2.75,10388.452,1226740.024,5.856,1.25,2,13.354
123.05,0.2,10394.057,1226741.949,2997.786,3110.518,4,3.712
123.35,0.2,10424.853,1226774.581,3028.582,3143.15,4,30.796
123.65,0.25,10439.695,1226790.897,3043.424,3159.466,4,14.842
123.75,0.1,10447.189,1226799.055,3050.918,3167.624,4,7.494
123.85,0.1,10470.491,1226823.581,3074.22,3192.15,4,23.302
124.0,0.15,10484.276,1226823.737,3088.005,3192.306,4,13.785
124.15,0.1,10498.061,1226823.893,3101.79,3192.462,4,13.785
124.4,0.25,10499.637,1226823.997,3103.366,3192.566,4,1.576
125.1,0.7,10508.827,1226824.101,3112.556,3192.67,4,9.19
125.15,2.35,10534.001,1226886.612,88.031,58.866,0,226.447
125.15,2.4,10534.001,1226886.612,85.593,49.701,6,13.205
125.5,0.1,10765.849,1227120.896,3339.003,3476.61,4,17.37
125.75,0.2,10796.459,1227153.528,3369.613,3509.242,4,30.61
125.95,0.15,10811.388,1227169.844,3384.542,3525.558,4,14.929
126.1,0.15,10818.896,1227178.002,3392.05,3533.716,4,7.508
126.4,0.1,10854.892,1227202.632,3428.046,3558.346,4,35.996
126.5,0.1,10859.487,1227202.684,3432.641,3558.398,4,4.595
126.75,0.25,10868.677,1227202.788,3441.831,3558.502,4,9.19
126.85,0.1,10873.272,1227202.84,3446.426,3558.554,4,4.595
127.4,0.55,10877.867,1227202.892,3451.021,3558.606,4,4.595
127.45,2.2,10878.14,1227262.459,101.236,64.138,0,231.303
127.45,2.2,10878.14,1227262.459,102.963,57.284,6,9.198
127.6,7.55,11106.284,1227438.977,9.818,1.973,1,16.696
127.8,0.2,11138.774,1227492.779,3682.324,3837.469,4,3.71
127.9,0.1,11154.436,1227509.095,3697.986,3853.785,4,15.662
128.05,0.1,11169.278,1227525.411,3712.828,3870.101,4,14.842
128.15,0.1,11176.699,1227533.569,3720.249,3878.259,4,7.421
128.4,0.25,11184.12,1227541.727,3727.67,3886.417,4,7.421
128.6,0.1,11214.624,1227574.359,3758.174,3919.049,4,30.504
128.95,0.2,11253.15,1227574.877,3796.7,3919.567,4,38.526
129.15,0.2,11262.253,1227574.981,3805.803,3919.671,4,9.103
130.0,0.8,11271.443,1227575.085,3814.993,3919.775,4,9.19
130.05,2.55,11296.825,1227637.698,110.434,68.44,0,245.913
130.05,2.55,11296.825,1227637.698,119.659,63.644,6,8.92
130.25,0.1,11543.908,1227839.111,4060.906,4173.273,4,17.632
130.35,41.4,11569.082,1227928.38,7203.261,1223519.279,3,25.174
130.45,0.1,11572.259,1227929.928,7206.438,1223520.827,3,3.177
130.65,0.1,11578.203,1227934.16,7212.382,1223525.059,3,5.944
137.25,7.0,58288.559,1228748.53,4086.08,4262.542,4,56478.943
138.65,1.4,67432.422,1228924.012,4086.184,4262.594,4,0.104
138.8,0.1,68070.407,1228936.626,63691.325,1224527.473,3,13.157
145.05,6.4,108063.31,1229709.274,4099.341,4262.594,4,426983.629
146.35,1.3,116590.629,1229874.431,4100.751,4262.818,4,1.41
148.7,2.35,132690.253,1230183.608,4109.032,4270.952,4,8.281
158.6,9.9,196047.866,1231426.918,4128.62,4271.056,4,19.588
162.35,3.75,221953.656,1231910.713,4148.333,4271.366,4,19.713
168.65,6.3,262178.764,1232707.523,4149.743,4271.418,4,1.41
169.25,0.55,265777.669,1232788.115,4156.774,4279.482,4,7.031
170.9,1.65,276362.259,1232996.773,4158.35,4279.586,4,1.576
171.25,0.35,278264.939,1233038.026,4162.416,4279.638,4,4.066
199.55,28.3,473746.692,1236626.866,4165.19,4279.69,4,2.774
200.0,0.45,477144.426,1236691.475,4169.256,4279.742,4,4.066
200.15,0.15,478237.766,1236711.134,4170.718,4279.966,4,1.462
200.25,0.1,479081.457,1236725.831,4174.784,4280.018,4,4.066
202.0,1.75,495011.368,1236983.9,4180.312,4280.294,4,5.528
202.1,0.1,495136.469,1236986.96,490674.954,1232559.883,3,1.462
202.1,0.1,495136.469,1236986.96,4181.774,4280.518,4,0.052
205.25,3.15,495140.587,1236987.099,4185.84,4280.57,4,4.066
205.25,75.15,495140.587,1236987.099,137.291,70.992,6,28.309
205.45,0.2,495169.258,1237053.724,4214.149,4346.13,4,0.362
205.65,0.15,495197.514,1237085.104,4242.405,4377.51,4,28.256
205.85,0.15,495210.824,1237100.794,4255.715,4393.2,4,13.31
205.95,0.1,495217.479,1237108.639,4262.37,4401.045,4,6.655
206.05,0.1,495230.789,1237124.329,4275.68,4416.735,4,13.31
206.35,0.1,495266.487,1237147.688,4311.378,4440.094,4,35.698
206.5,0.15,495272.048,1237149.266,4316.939,4441.672,4,5.561
207.1,0.55,495279.706,1237149.37,4324.597,4441.776,4,7.658
207.15,77.05,495279.758,1237150.573,119.354,71.62,0,0.312
207.15,79.55,495279.758,1237150.573,13.528,2.335,1,0.156
207.15,84.3,495279.758,1237150.573,9.568,1.612,2,0.104
207.15,5.05,495279.758,1237150.573,490675.006,1232559.97,3,0.104
207.15,1.9,495279.758,1237150.573,137.653,72.057,6,0.104
208.05,0.9,495280.642,1237154.025,4324.909,4445.963,4,0.156
0.0,0.0,0.0,0.0,0.0,0.0,0,2.718
